#MJD	g	gerr	r	rerr	i	ierr	o	oerr	c	cerr
59426.75	NaN	NaN	20.50	0.16	NaN	NaN	NaN	NaN	NaN	NaN
59427.74	20.68	0.10	20.45	0.15	NaN	NaN	NaN	NaN	NaN	NaN
59429.76	20.68	0.09	20.36	0.15	NaN	NaN	NaN	NaN	NaN	NaN
59430.68	20.68	0.09	20.32	0.14	20.32	0.06	NaN	NaN	NaN	NaN
59430.73	20.68	0.09	20.32	0.14	20.32	0.06	NaN	NaN	NaN	NaN
59434.69	20.65	0.09	20.16	0.14	20.19	0.06	NaN	NaN	NaN	NaN
59435.33	20.64	0.09	20.13	0.14	20.16	0.06	19.60	0.45	NaN	NaN
59436.68	20.62	0.09	20.07	0.14	20.11	0.06	19.59	0.44	NaN	NaN
59436.69	20.62	0.09	20.07	0.14	20.11	0.06	19.59	0.44	NaN	NaN
59436.75	20.62	0.09	20.07	0.14	20.11	0.06	19.59	0.44	NaN	NaN
59437.32	20.61	0.09	20.04	0.14	20.08	0.06	19.59	0.43	19.99	0.75
59439.29	20.57	0.09	19.94	0.14	20.00	0.06	19.57	0.43	19.99	0.75
59439.68	20.56	0.09	19.92	0.14	19.98	0.06	19.56	0.43	19.99	0.75
59439.71	20.56	0.09	19.92	0.14	19.98	0.06	19.56	0.42	19.99	0.75
59441.34	20.51	0.09	19.84	0.15	19.91	0.06	19.54	0.42	19.99	0.75
59441.37	20.51	0.09	19.84	0.15	19.91	0.06	19.54	0.42	19.99	0.75
59441.74	20.50	0.09	19.82	0.15	19.89	0.06	19.54	0.42	19.99	0.75
59443.29	20.45	0.09	19.74	0.15	19.82	0.06	19.51	0.42	19.99	0.75
59443.30	20.45	0.09	19.74	0.15	19.82	0.06	19.51	0.42	19.99	0.75
59443.30	20.45	0.09	19.74	0.15	19.82	0.06	19.51	0.42	19.99	0.75
59443.30	20.45	0.09	19.74	0.15	19.82	0.06	19.51	0.42	19.99	0.75
59443.31	20.45	0.09	19.74	0.15	19.82	0.06	19.51	0.42	19.99	0.75
59443.75	20.43	0.09	19.72	0.15	19.80	0.06	19.51	0.42	19.99	0.75
59445.24	20.39	0.09	19.64	0.15	19.74	0.06	19.48	0.42	19.99	0.75
59445.24	20.39	0.09	19.64	0.15	19.74	0.06	19.48	0.42	19.99	0.75
59445.25	20.39	0.09	19.64	0.15	19.74	0.06	19.48	0.42	19.99	0.75
59445.26	20.39	0.09	19.64	0.15	19.74	0.06	19.48	0.42	19.99	0.75
59447.69	20.32	0.09	19.52	0.15	19.63	0.06	19.43	0.41	19.99	0.75
59447.70	20.32	0.09	19.52	0.15	19.63	0.06	19.43	0.41	19.99	0.75
59449.25	20.29	0.09	19.45	0.14	19.57	0.06	19.40	0.41	19.99	0.75
59449.25	20.29	0.09	19.45	0.14	19.57	0.06	19.40	0.41	19.99	0.75
59449.71	20.28	0.09	19.43	0.14	19.55	0.06	19.39	0.41	19.99	0.75
59450.68	20.26	0.09	19.39	0.14	19.51	0.06	19.37	0.41	19.99	0.75
59451.29	20.25	0.09	19.36	0.14	19.48	0.06	19.35	0.41	19.99	0.75
59451.30	20.25	0.09	19.36	0.14	19.48	0.06	19.35	0.41	19.99	0.75
59451.30	20.25	0.09	19.36	0.14	19.48	0.06	19.35	0.41	19.99	0.75
59451.32	20.25	0.09	19.36	0.14	19.48	0.06	19.35	0.41	19.99	0.75
59451.72	20.24	0.09	19.35	0.14	19.47	0.06	19.35	0.41	19.99	0.75
59453.24	20.23	0.09	19.29	0.15	19.40	0.06	19.31	0.41	19.99	0.75
59453.25	20.23	0.09	19.29	0.15	19.40	0.06	19.31	0.41	19.99	0.75
59453.26	20.23	0.09	19.29	0.15	19.40	0.06	19.31	0.41	19.99	0.75
59454.66	20.21	0.09	19.24	0.15	19.34	0.06	19.28	0.42	19.99	0.75
59454.68	20.21	0.09	19.24	0.15	19.34	0.06	19.28	0.42	19.99	0.75
59455.23	20.20	0.09	19.22	0.15	19.32	0.06	19.27	0.42	19.99	0.75
59455.24	20.20	0.09	19.22	0.15	19.32	0.06	19.27	0.42	19.99	0.75
59455.26	20.20	0.09	19.22	0.15	19.32	0.06	19.27	0.42	19.99	0.75
59457.30	20.16	0.09	19.16	0.15	19.24	0.06	19.22	0.42	NaN	NaN
59457.31	20.16	0.09	19.15	0.15	19.23	0.06	19.22	0.42	NaN	NaN
59458.70	20.13	0.09	19.11	0.15	19.18	0.06	19.18	0.42	NaN	NaN
59460.68	20.08	0.09	19.04	0.15	19.10	0.06	19.13	0.42	NaN	NaN
59460.73	20.07	0.09	19.04	0.15	19.10	0.06	19.13	0.42	NaN	NaN
59461.27	20.06	0.09	19.02	0.14	19.07	0.06	19.12	0.42	NaN	NaN
59461.27	20.06	0.09	19.02	0.14	19.07	0.06	19.12	0.42	NaN	NaN
59461.28	20.06	0.09	19.02	0.14	19.07	0.06	19.12	0.42	NaN	NaN
59461.29	20.06	0.09	19.02	0.14	19.07	0.06	19.12	0.42	NaN	NaN
59463.69	19.98	0.09	18.95	0.14	18.99	0.06	19.06	0.42	NaN	NaN
59464.72	19.95	0.09	18.92	0.14	18.96	0.06	19.03	0.42	NaN	NaN
59465.26	19.93	0.09	18.91	0.14	18.94	0.06	19.02	0.42	NaN	NaN
59465.26	19.93	0.09	18.91	0.14	18.94	0.06	19.02	0.42	NaN	NaN
59465.27	19.93	0.09	18.91	0.14	18.94	0.06	19.02	0.42	NaN	NaN
59465.28	19.93	0.09	18.91	0.14	18.94	0.06	19.02	0.42	NaN	NaN
59465.73	19.91	0.09	18.90	0.14	18.93	0.06	19.01	0.42	NaN	NaN
59466.69	19.87	0.08	18.87	0.14	18.90	0.06	18.98	0.42	NaN	NaN
59467.65	19.83	0.08	18.85	0.14	18.88	0.06	18.96	0.42	NaN	NaN
59469.65	19.75	0.08	18.82	0.14	18.83	0.06	18.91	0.42	NaN	NaN
59469.67	19.74	0.08	18.82	0.14	18.83	0.06	18.91	0.42	NaN	NaN
59471.68	19.66	0.09	18.78	0.14	18.79	0.06	18.86	0.42	NaN	NaN
59471.70	19.66	0.09	18.78	0.14	18.79	0.06	18.86	0.42	NaN	NaN
59473.68	19.60	0.09	18.75	0.14	18.75	0.06	18.82	0.42	NaN	NaN
59474.68	19.58	0.09	18.73	0.14	18.73	0.06	18.80	0.42	NaN	NaN
59475.25	19.57	0.09	18.72	0.14	18.72	0.06	18.78	0.42	NaN	NaN
59475.25	19.57	0.09	18.72	0.14	18.72	0.06	18.78	0.42	NaN	NaN
59475.26	19.57	0.09	18.72	0.14	18.72	0.06	18.78	0.42	NaN	NaN
59475.27	19.57	0.09	18.72	0.14	18.72	0.06	18.78	0.42	NaN	NaN
59476.66	19.55	0.09	18.70	0.14	18.69	0.06	18.75	0.42	NaN	NaN
59476.68	19.55	0.09	18.70	0.14	18.69	0.06	18.75	0.42	NaN	NaN
59480.66	19.59	0.09	18.64	0.15	18.62	0.06	18.67	0.42	NaN	NaN
59480.67	19.59	0.09	18.64	0.15	18.62	0.06	18.67	0.42	NaN	NaN
59481.23	19.60	0.09	18.63	0.15	18.62	0.06	18.66	0.42	NaN	NaN
59481.24	19.60	0.09	18.63	0.15	18.62	0.06	18.66	0.42	NaN	NaN
59481.24	19.60	0.09	18.63	0.15	18.62	0.06	18.66	0.42	NaN	NaN
59481.25	19.60	0.09	18.63	0.15	18.62	0.06	18.66	0.42	NaN	NaN
59483.24	19.63	0.09	18.60	0.15	18.59	0.06	18.62	0.41	NaN	NaN
59483.25	19.63	0.09	18.60	0.15	18.59	0.06	18.62	0.41	NaN	NaN
59483.25	19.64	0.09	18.60	0.15	18.59	0.06	18.62	0.41	NaN	NaN
59483.26	19.64	0.09	18.60	0.15	18.59	0.06	18.62	0.41	NaN	NaN
59486.63	19.69	0.09	18.54	0.15	18.57	0.06	18.55	0.41	NaN	NaN
59486.66	19.69	0.09	18.54	0.15	18.57	0.06	18.55	0.41	NaN	NaN
59487.23	19.70	0.09	18.53	0.15	18.57	0.06	18.54	0.41	NaN	NaN
59487.23	19.70	0.09	18.53	0.15	18.57	0.06	18.54	0.41	NaN	NaN
59487.24	19.70	0.09	18.53	0.15	18.57	0.06	18.54	0.41	NaN	NaN
59487.25	19.70	0.09	18.53	0.15	18.57	0.06	18.54	0.41	NaN	NaN
59488.66	19.72	0.09	18.51	0.15	18.56	0.06	18.51	0.41	NaN	NaN
59489.22	19.73	0.09	18.51	0.15	18.56	0.06	18.50	0.41	NaN	NaN
59489.22	19.73	0.09	18.51	0.15	18.56	0.06	18.50	0.41	NaN	NaN
59489.23	19.73	0.09	18.51	0.15	18.56	0.06	18.50	0.41	NaN	NaN
59489.24	19.73	0.09	18.51	0.15	18.56	0.06	18.50	0.41	NaN	NaN
59491.22	19.77	0.09	18.48	0.15	18.56	0.06	18.47	0.42	NaN	NaN
59491.22	19.77	0.09	18.48	0.15	18.56	0.06	18.47	0.42	NaN	NaN
59491.23	19.77	0.09	18.48	0.15	18.56	0.06	18.47	0.42	NaN	NaN
59491.23	19.77	0.09	18.48	0.15	18.56	0.06	18.47	0.42	NaN	NaN
59491.24	19.77	0.09	18.48	0.15	18.56	0.06	18.47	0.42	NaN	NaN
59491.61	19.77	0.09	18.48	0.15	18.56	0.06	18.46	0.42	NaN	NaN
59497.21	19.88	0.10	18.45	0.16	18.57	0.07	18.40	0.43	NaN	NaN
59497.21	19.88	0.10	18.45	0.16	18.57	0.07	18.40	0.43	NaN	NaN
59497.22	19.88	0.10	18.45	0.16	18.57	0.07	18.40	0.43	NaN	NaN
59497.23	19.88	0.10	18.45	0.16	18.57	0.07	18.40	0.43	NaN	NaN
59498.61	19.91	0.10	18.45	0.16	18.58	0.06	18.39	0.43	NaN	NaN
59503.62	20.01	0.11	18.47	0.18	18.62	0.07	18.38	0.47	NaN	NaN
59589.62	21.11	0.33	20.17	0.43	19.66	0.21	19.61	0.45	NaN	NaN
59589.63	21.11	0.33	20.17	0.43	19.66	0.21	19.61	0.45	NaN	NaN
59589.65	21.11	0.33	20.17	0.43	19.66	0.21	19.61	0.45	NaN	NaN
59597.61	21.17	0.15	20.24	0.23	19.79	0.10	19.67	0.44	NaN	NaN
59601.04	21.20	0.11	20.25	0.19	19.84	0.07	19.69	0.43	NaN	NaN
59606.61	21.24	0.14	20.26	0.21	19.93	0.09	19.71	0.43	NaN	NaN
59606.63	21.24	0.14	20.26	0.21	19.93	0.09	19.71	0.43	NaN	NaN
59609.59	21.26	0.16	20.25	0.22	19.98	0.10	19.71	0.42	NaN	NaN
59609.59	21.26	0.16	20.25	0.22	19.98	0.10	19.71	0.42	NaN	NaN
59610.60	21.27	0.16	20.25	0.22	20.00	0.10	19.71	0.42	NaN	NaN
59612.57	21.29	0.16	20.24	0.22	20.03	0.10	19.72	0.42	NaN	NaN
59612.58	21.29	0.16	20.24	0.22	20.03	0.10	19.72	0.42	NaN	NaN
59612.60	21.29	0.16	20.24	0.22	20.03	0.10	19.72	0.42	NaN	NaN
59619.63	21.34	0.11	20.21	0.17	20.14	0.07	19.70	0.43	NaN	NaN
59620.57	21.35	0.10	20.21	0.16	20.16	0.07	19.70	0.43	NaN	NaN
59622.02	21.36	0.09	20.20	0.15	20.18	0.06	19.69	0.43	NaN	NaN
59622.04	21.36	0.09	20.20	0.15	20.18	0.06	19.69	0.43	NaN	NaN
59622.55	21.37	0.09	20.20	0.15	20.19	0.06	19.69	0.43	NaN	NaN
59624.92	21.39	0.09	20.19	0.15	20.23	0.06	19.69	0.43	NaN	NaN
59624.98	21.39	0.09	20.19	0.15	20.23	0.06	19.69	0.43	NaN	NaN
59631.00	21.44	0.10	20.21	0.16	20.31	0.06	19.68	0.43	NaN	NaN
59633.56	21.47	0.10	20.22	0.16	20.35	0.06	19.68	0.43	NaN	NaN
59634.66	21.48	0.09	20.23	0.15	20.37	0.06	19.69	0.43	NaN	NaN
59636.57	21.50	0.09	20.25	0.15	20.40	0.06	19.69	0.43	NaN	NaN
59636.94	21.50	0.09	20.25	0.15	20.41	0.06	19.69	0.43	NaN	NaN
59637.93	21.51	0.09	20.26	0.15	20.43	0.06	19.69	0.43	NaN	NaN
59639.99	21.53	0.09	20.29	0.15	20.48	0.06	19.69	0.43	NaN	NaN
59640.60	21.54	0.09	20.30	0.15	20.49	0.06	19.70	0.43	NaN	NaN
59640.93	21.54	0.09	20.30	0.16	20.50	0.06	19.70	0.43	NaN	NaN
59644.56	21.58	0.13	20.36	0.19	20.57	0.08	19.70	0.44	NaN	NaN
59647.64	21.61	0.16	20.41	0.22	20.61	0.10	19.70	0.44	NaN	NaN
59658.55	21.74	0.20	20.60	0.27	20.65	0.13	19.65	0.44	NaN	NaN
59662.54	21.79	0.17	20.66	0.24	20.64	0.11	19.63	0.45	NaN	NaN
59664.52	21.82	0.15	20.69	0.22	20.64	0.10	19.62	0.45	NaN	NaN
59670.89	21.91	0.09	20.78	0.16	20.61	0.06	19.57	0.46	NaN	NaN
59670.92	21.91	0.09	20.78	0.16	20.61	0.06	19.57	0.47	NaN	NaN
59671.51	21.92	0.09	20.78	0.15	20.61	0.06	19.57	0.47	NaN	NaN
59673.87	21.96	0.09	20.80	0.15	20.60	0.06	19.55	0.48	NaN	NaN
59675.92	21.99	0.09	20.81	0.15	20.59	0.06	19.53	0.48	NaN	NaN
59678.45	22.03	0.09	20.82	0.15	20.58	0.06	19.51	0.50	NaN	NaN
59679.58	22.05	0.09	20.83	0.15	20.57	0.07	19.50	0.50	NaN	NaN
59679.84	22.05	0.09	20.84	0.15	20.57	0.07	NaN	NaN	NaN	NaN
59679.87	22.05	0.09	20.84	0.15	NaN	NaN	NaN	NaN	NaN	NaN
59682.84	22.10	0.09	20.88	0.16	NaN	NaN	NaN	NaN	NaN	NaN
59693.81	22.27	0.10	21.05	0.17	NaN	NaN	NaN	NaN	NaN	NaN
59700.80	22.39	0.09	21.04	0.16	NaN	NaN	NaN	NaN	NaN	NaN
59702.86	22.42	0.09	21.02	0.15	NaN	NaN	NaN	NaN	NaN	NaN
59707.77	22.49	0.09	20.98	0.15	NaN	NaN	NaN	NaN	NaN	NaN
59709.78	22.51	0.09	20.97	0.15	NaN	NaN	NaN	NaN	NaN	NaN
59714.84	22.57	0.09	21.04	0.15	NaN	NaN	NaN	NaN	NaN	NaN
59717.74	22.60	0.09	21.15	0.15	NaN	NaN	NaN	NaN	NaN	NaN
59719.78	22.61	0.09	21.24	0.15	NaN	NaN	NaN	NaN	NaN	NaN
59721.82	22.62	0.09	21.34	0.15	NaN	NaN	NaN	NaN	NaN	NaN
59724.84	22.64	0.10	21.48	0.16	NaN	NaN	NaN	NaN	NaN	NaN
59724.90	NaN	NaN	21.48	0.16	NaN	NaN	NaN	NaN	NaN	NaN
