#MJD	g	gerr	r	rerr	i	ierr	o	oerr	c	cerr
59223.47	NaN	NaN	19.54	0.03	NaN	NaN	NaN	NaN	NaN	NaN
59225.39	NaN	NaN	18.97	0.02	19.08	0.06	NaN	NaN	NaN	NaN
59225.44	18.54	0.08	18.96	0.02	19.07	0.05	NaN	NaN	NaN	NaN
59228.30	18.10	0.07	18.25	0.02	18.64	0.05	NaN	NaN	NaN	NaN
59228.51	18.07	0.07	18.22	0.02	18.62	0.05	NaN	NaN	NaN	NaN
59228.56	18.07	0.07	18.22	0.02	18.61	0.05	NaN	NaN	NaN	NaN
59229.61	17.97	0.07	18.12	0.03	18.49	0.05	NaN	NaN	17.96	0.18
59229.61	17.97	0.07	18.12	0.03	18.49	0.05	NaN	NaN	17.96	0.18
59229.62	17.97	0.07	18.12	0.03	18.49	0.05	NaN	NaN	17.96	0.18
59229.63	17.97	0.07	18.12	0.03	18.49	0.05	NaN	NaN	17.96	0.18
59230.68	17.92	0.07	18.08	0.03	18.38	0.05	NaN	NaN	17.98	0.18
59231.36	17.89	0.07	18.08	0.02	18.32	0.05	NaN	NaN	17.99	0.18
59231.51	17.89	0.07	18.08	0.02	18.31	0.05	NaN	NaN	17.99	0.18
59231.51	17.89	0.07	18.08	0.02	18.31	0.05	NaN	NaN	17.99	0.18
59231.51	17.89	0.07	18.08	0.02	18.31	0.05	NaN	NaN	17.99	0.18
59231.52	17.89	0.07	18.08	0.02	18.31	0.05	NaN	NaN	17.99	0.18
59232.56	17.86	0.08	18.11	0.03	18.23	0.06	NaN	NaN	18.02	0.18
59235.52	17.86	0.15	18.15	0.15	18.09	0.11	NaN	NaN	18.08	0.18
59235.52	17.86	0.15	18.15	0.15	18.09	0.11	NaN	NaN	18.08	0.18
59235.53	17.86	0.15	18.15	0.15	18.09	0.11	NaN	NaN	18.08	0.18
59235.54	17.86	0.15	18.15	0.15	18.09	0.11	NaN	NaN	18.08	0.18
59237.61	17.90	0.21	18.16	0.23	18.05	0.15	NaN	NaN	18.12	0.18
59237.61	17.90	0.21	18.16	0.23	18.05	0.15	NaN	NaN	18.12	0.18
59248.36	18.44	0.07	18.17	0.03	18.25	0.06	NaN	NaN	18.33	0.20
59249.52	18.50	0.07	18.20	0.02	18.28	0.05	NaN	NaN	18.36	0.19
59249.54	18.50	0.07	18.20	0.02	18.28	0.05	NaN	NaN	18.36	0.19
59249.64	18.51	0.07	18.20	0.02	18.28	0.05	18.36	0.20	18.36	0.19
59249.64	18.51	0.07	18.20	0.02	18.28	0.05	18.36	0.20	18.36	0.19
59249.66	18.51	0.07	18.20	0.02	18.28	0.05	18.36	0.20	18.36	0.19
59249.67	18.51	0.07	18.20	0.02	18.28	0.05	18.36	0.20	18.36	0.19
59251.19	18.58	0.07	18.26	0.02	18.32	0.05	18.34	0.20	18.40	0.19
59251.55	18.60	0.07	18.27	0.02	18.33	0.05	18.34	0.20	18.41	0.18
59251.55	18.60	0.07	18.27	0.02	18.33	0.05	18.34	0.20	18.41	0.18
59251.56	18.60	0.07	18.28	0.02	18.33	0.05	18.34	0.20	18.41	0.18
59251.57	18.60	0.07	18.28	0.02	18.33	0.05	18.34	0.20	18.41	0.18
59251.90	18.61	0.07	18.29	0.02	18.33	0.05	18.34	0.20	18.42	0.18
59253.50	18.68	0.07	18.33	0.02	18.37	0.05	18.33	0.21	18.46	0.18
59253.50	18.68	0.07	18.33	0.02	18.37	0.05	18.33	0.21	18.46	0.18
59253.50	18.68	0.07	18.33	0.02	18.37	0.05	18.33	0.21	18.46	0.18
59253.52	18.68	0.07	18.33	0.02	18.37	0.05	18.33	0.21	18.46	0.18
59253.52	18.68	0.07	18.33	0.02	18.37	0.05	18.33	0.21	18.46	0.18
59253.54	18.68	0.07	18.33	0.02	18.37	0.05	18.33	0.21	18.46	0.18
59255.17	18.77	0.07	18.37	0.03	18.39	0.05	18.33	0.23	18.51	0.18
59255.46	18.78	0.07	18.37	0.03	18.40	0.05	18.33	0.23	18.52	0.18
59255.46	18.78	0.07	18.37	0.03	18.40	0.05	18.33	0.23	18.52	0.18
59255.47	18.78	0.07	18.37	0.03	18.40	0.05	18.33	0.23	18.52	0.18
59255.47	18.78	0.07	18.37	0.03	18.40	0.05	18.33	0.23	18.52	0.18
59256.14	18.82	0.07	18.40	0.02	18.40	0.05	18.34	0.24	18.54	0.18
59257.08	18.87	0.07	18.45	0.02	18.41	0.05	18.34	0.24	18.57	0.18
59257.27	18.88	0.07	18.46	0.02	18.42	0.05	18.35	0.25	18.58	0.18
59257.53	18.89	0.07	18.47	0.03	18.42	0.05	18.35	0.25	18.59	0.18
59257.54	18.89	0.07	18.47	0.03	18.42	0.05	18.35	0.25	18.59	0.18
59257.55	18.89	0.07	18.47	0.03	18.42	0.05	18.35	0.25	18.59	0.18
59257.57	18.89	0.07	18.47	0.03	18.42	0.05	18.35	0.25	18.59	0.18
59260.62	18.93	0.07	18.53	0.03	18.46	0.06	18.38	0.25	18.70	0.18
59261.45	18.92	0.07	18.54	0.03	18.48	0.05	18.39	0.25	18.73	0.18
59261.46	18.92	0.07	18.54	0.03	18.48	0.05	18.39	0.25	18.73	0.18
59261.46	18.92	0.07	18.54	0.03	18.48	0.05	18.39	0.25	18.73	0.18
59261.47	18.92	0.07	18.54	0.03	18.48	0.05	18.39	0.25	18.73	0.18
59262.47	18.92	0.07	18.54	0.02	18.51	0.05	18.40	0.24	18.76	0.18
59262.73	18.92	0.07	18.54	0.02	18.52	0.05	18.40	0.24	18.77	0.19
59264.38	18.92	0.07	18.53	0.03	18.56	0.05	18.42	0.22	18.81	0.20
59267.22	18.91	0.07	18.50	0.02	18.59	0.05	18.44	0.20	18.86	0.23
59267.43	18.91	0.07	18.49	0.02	18.59	0.05	18.44	0.20	18.87	0.23
59267.43	18.91	0.07	18.49	0.02	18.59	0.05	18.44	0.20	18.87	0.23
59267.44	18.91	0.07	18.49	0.02	18.59	0.05	18.44	0.20	18.87	0.23
59267.46	18.91	0.07	18.49	0.02	18.59	0.05	18.44	0.20	18.87	0.23
59267.47	18.91	0.07	18.49	0.02	18.59	0.05	18.44	0.20	18.87	0.23
59268.37	18.92	0.07	18.48	0.02	18.59	0.05	18.44	0.20	18.88	0.24
59268.41	18.92	0.07	18.48	0.02	18.59	0.05	18.44	0.20	18.88	0.24
59269.36	18.93	0.07	18.49	0.04	18.60	0.06	18.44	0.20	18.89	0.25
59269.37	18.93	0.07	18.49	0.04	18.60	0.06	18.44	0.20	18.89	0.25
59269.37	18.93	0.07	18.49	0.04	18.60	0.06	18.44	0.20	18.89	0.25
59269.38	18.93	0.07	18.49	0.04	18.60	0.06	18.44	0.20	18.89	0.25
59272.85	19.00	0.07	18.60	0.02	18.60	0.05	18.45	0.21	18.90	0.28
59272.88	19.00	0.07	18.60	0.02	18.60	0.05	18.45	0.21	18.90	0.28
59274.29	19.03	0.07	18.55	0.03	18.60	0.05	18.45	0.21	18.90	0.29
59275.25	19.05	0.07	18.51	0.02	18.59	0.05	18.45	0.20	18.90	0.30
59276.15	19.08	0.07	18.50	0.03	18.58	0.05	18.45	0.20	18.90	0.30
59277.49	19.12	0.07	18.52	0.02	18.56	0.05	18.45	0.20	18.89	0.30
59277.49	19.12	0.07	18.52	0.02	18.56	0.05	18.45	0.20	18.89	0.30
59277.50	19.13	0.07	18.52	0.02	18.56	0.05	18.45	0.20	18.89	0.30
59277.54	19.13	0.07	18.52	0.02	18.56	0.05	18.45	0.20	18.89	0.30
59277.60	19.13	0.07	18.52	0.02	18.56	0.05	18.45	0.20	18.89	0.30
59278.03	19.14	0.07	18.53	0.02	18.56	0.05	18.44	0.20	18.89	0.30
59281.38	19.18	0.07	18.61	0.03	18.53	0.05	18.43	0.23	18.85	0.28
59281.86	19.19	0.07	18.60	0.03	18.53	0.06	18.42	0.23	18.85	0.27
59291.01	19.09	0.07	18.36	0.02	18.50	0.05	18.37	0.21	18.70	0.19
59291.31	19.08	0.07	18.36	0.02	18.50	0.05	18.37	0.21	18.70	0.18
59291.42	19.08	0.07	18.36	0.02	18.50	0.05	18.37	0.21	18.70	0.18
59291.43	19.08	0.07	18.36	0.02	18.50	0.05	18.37	0.21	18.70	0.18
59291.45	19.08	0.07	18.36	0.02	18.50	0.05	18.37	0.21	18.70	0.18
59291.46	19.08	0.07	18.36	0.02	18.50	0.05	18.37	0.21	18.70	0.18
59292.24	19.05	0.07	18.36	0.02	18.48	0.05	18.37	0.20	18.68	0.19
59292.91	19.04	0.07	18.36	0.02	18.45	0.05	18.37	0.20	18.67	0.19
59293.42	19.03	0.07	18.36	0.03	18.43	0.05	18.37	0.20	18.66	0.19
59293.44	19.03	0.07	18.36	0.03	18.43	0.05	18.37	0.20	18.66	0.19
59293.45	19.03	0.07	18.36	0.03	18.43	0.05	18.37	0.20	18.66	0.19
59293.45	19.03	0.07	18.36	0.03	18.43	0.05	18.37	0.20	18.66	0.19
59294.14	19.03	0.07	18.36	0.03	18.40	0.05	18.38	0.20	18.65	0.19
59296.21	19.02	0.07	18.35	0.02	18.34	0.05	18.39	0.20	18.61	0.21
59296.50	19.01	0.07	18.34	0.02	18.33	0.05	18.39	0.20	18.61	0.21
59297.38	18.98	0.07	18.31	0.03	18.31	0.05	18.38	0.20	18.59	0.21
59297.40	18.98	0.07	18.31	0.03	18.31	0.05	18.38	0.20	18.59	0.21
59297.41	18.98	0.07	18.31	0.03	18.31	0.05	18.38	0.20	18.59	0.21
59297.42	18.98	0.07	18.31	0.03	18.31	0.05	18.38	0.20	18.59	0.21
59297.92	18.96	0.07	18.28	0.03	18.29	0.05	18.38	0.20	18.58	0.22
59301.24	18.82	0.07	18.09	0.03	18.25	0.05	18.32	0.20	18.53	0.22
59302.18	18.79	0.07	18.07	0.02	18.24	0.05	18.30	0.20	18.51	0.22
59302.61	18.78	0.07	18.07	0.02	18.24	0.05	18.29	0.20	18.51	0.21
59303.40	18.76	0.07	18.06	0.03	18.23	0.05	18.27	0.20	18.50	0.21
59303.40	18.76	0.07	18.06	0.03	18.23	0.05	18.27	0.20	18.50	0.21
59303.41	18.76	0.07	18.06	0.03	18.23	0.05	18.27	0.20	18.50	0.21
59303.42	18.76	0.07	18.06	0.03	18.23	0.05	18.27	0.20	18.50	0.21
59304.02	18.76	0.07	18.05	0.03	18.23	0.05	18.26	0.20	18.49	0.21
59305.51	18.75	0.07	18.05	0.03	18.23	0.05	18.24	0.20	18.47	0.20
59305.51	18.75	0.07	18.05	0.03	18.23	0.05	18.24	0.20	18.47	0.20
59305.52	18.75	0.07	18.05	0.03	18.23	0.05	18.24	0.20	18.47	0.20
59305.53	18.75	0.07	18.05	0.03	18.23	0.05	18.23	0.20	18.47	0.20
59306.44	18.74	0.07	18.06	0.02	18.24	0.05	18.22	0.20	18.46	0.19
59306.90	18.74	0.07	18.06	0.02	18.24	0.05	18.21	0.20	18.46	0.19
59307.44	18.74	0.07	18.06	0.03	18.24	0.05	18.20	0.20	18.45	0.19
59308.27	18.74	0.07	18.06	0.03	18.24	0.05	18.19	0.21	18.44	0.18
59309.26	18.74	0.07	18.06	0.03	18.25	0.05	18.17	0.21	18.44	0.18
59309.37	18.74	0.07	18.06	0.03	18.25	0.05	18.17	0.22	18.44	0.18
59309.38	18.74	0.07	18.06	0.03	18.25	0.05	18.17	0.22	18.44	0.18
59309.41	18.74	0.07	18.06	0.03	18.25	0.05	18.17	0.22	18.44	0.18
59309.44	18.74	0.07	18.06	0.03	18.25	0.05	18.17	0.22	18.44	0.18
59312.09	18.73	0.07	18.06	0.02	18.26	0.05	18.13	0.23	18.43	0.18
59312.52	18.73	0.07	18.06	0.02	18.26	0.05	18.13	0.23	18.42	0.18
59313.38	18.73	0.07	18.06	0.03	18.27	0.05	18.12	0.23	18.42	0.18
59313.39	18.73	0.07	18.06	0.03	18.27	0.05	18.12	0.23	18.42	0.18
59313.41	18.73	0.07	18.06	0.03	18.27	0.05	18.12	0.23	18.42	0.18
59313.41	18.73	0.07	18.06	0.03	18.27	0.05	18.12	0.23	18.42	0.18
59314.46	18.72	0.07	18.07	0.03	18.27	0.05	18.11	0.22	18.42	0.18
59315.86	18.71	0.07	18.11	0.02	18.28	0.05	18.10	0.22	18.41	0.19
59316.30	18.71	0.07	18.12	0.02	18.28	0.05	18.10	0.21	18.41	0.20
59316.82	18.71	0.07	18.12	0.02	18.28	0.05	18.10	0.21	18.41	0.20
59318.22	18.69	0.07	18.10	0.03	18.28	0.05	18.10	0.20	18.40	0.22
59319.35	18.68	0.07	18.07	0.03	18.27	0.05	18.10	0.20	18.40	0.23
59319.35	18.68	0.07	18.07	0.03	18.27	0.05	18.10	0.20	18.40	0.23
59319.36	18.68	0.07	18.07	0.03	18.27	0.05	18.10	0.20	18.40	0.23
59319.37	18.68	0.07	18.07	0.03	18.27	0.05	18.10	0.20	18.40	0.23
59320.59	18.67	0.07	18.03	0.02	18.25	0.05	18.11	0.20	18.39	0.24
59321.02	18.66	0.07	18.02	0.02	18.25	0.05	18.11	0.19	18.39	0.25
59321.08	18.66	0.07	18.01	0.02	18.25	0.05	18.11	0.19	18.39	0.25
59321.34	18.66	0.07	18.01	0.02	18.24	0.05	18.11	0.19	18.39	0.25
59321.35	18.66	0.07	18.01	0.02	18.24	0.05	18.11	0.19	18.39	0.25
59321.36	18.65	0.07	18.00	0.02	18.24	0.05	18.11	0.19	18.39	0.25
59321.37	18.65	0.07	18.00	0.02	18.24	0.05	18.11	0.19	18.39	0.25
59322.92	18.63	0.07	17.96	0.02	18.22	0.05	18.13	0.20	18.39	0.27
59322.95	18.63	0.07	17.96	0.02	18.22	0.05	18.13	0.20	18.39	0.27
59323.31	18.62	0.07	17.95	0.02	18.22	0.05	18.13	0.20	18.38	0.27
59323.31	18.62	0.07	17.95	0.02	18.22	0.05	18.13	0.20	18.38	0.27
59323.31	18.62	0.07	17.95	0.02	18.22	0.05	18.13	0.20	18.38	0.27
59323.32	18.62	0.07	17.95	0.02	18.22	0.05	18.13	0.20	18.38	0.27
59323.91	18.62	0.07	17.94	0.03	18.21	0.05	18.13	0.20	18.38	0.27
59326.02	18.60	0.07	17.92	0.03	18.19	0.06	18.14	0.20	18.38	0.29
59329.29	18.60	0.07	17.95	0.02	18.22	0.05	18.13	0.20	18.38	0.29
59329.37	18.60	0.07	17.95	0.02	18.22	0.05	18.13	0.20	18.38	0.29
59329.37	18.60	0.07	17.95	0.02	18.22	0.05	18.13	0.20	18.38	0.29
59329.38	18.60	0.07	17.95	0.02	18.22	0.05	18.13	0.20	18.38	0.29
59329.39	18.60	0.07	17.95	0.02	18.22	0.05	18.13	0.20	18.38	0.29
59329.58	18.61	0.07	17.95	0.02	18.22	0.05	18.13	0.20	18.38	0.29
59331.38	18.64	0.09	17.98	0.07	18.24	0.06	18.13	0.20	18.39	0.28
59331.39	18.64	0.09	17.98	0.07	18.24	0.06	18.13	0.20	18.39	0.28
59331.39	18.64	0.09	17.98	0.07	18.24	0.06	18.13	0.20	18.39	0.28
59331.40	18.64	0.09	17.98	0.07	18.24	0.06	18.13	0.20	18.39	0.28
59333.38	18.69	0.09	18.02	0.06	18.26	0.07	18.15	0.20	18.40	0.27
59333.39	18.69	0.09	18.02	0.06	18.26	0.07	18.15	0.20	18.40	0.27
59333.40	18.69	0.09	18.02	0.06	18.26	0.07	18.15	0.20	18.40	0.27
59333.41	18.69	0.09	18.02	0.06	18.26	0.07	18.15	0.20	18.40	0.27
59335.18	18.73	0.07	18.05	0.03	18.27	0.05	18.16	0.20	18.41	0.25
59335.33	18.74	0.07	18.05	0.03	18.27	0.05	18.16	0.20	18.41	0.25
59335.34	18.74	0.07	18.05	0.03	18.27	0.05	18.16	0.20	18.41	0.25
59335.36	18.74	0.07	18.05	0.03	18.27	0.05	18.16	0.20	18.41	0.25
59335.36	18.74	0.07	18.06	0.03	18.27	0.05	18.16	0.20	18.41	0.25
59336.16	18.75	0.07	18.07	0.02	18.28	0.05	18.16	0.20	18.42	0.24
59336.18	18.75	0.07	18.07	0.02	18.28	0.05	18.16	0.20	18.42	0.24
59337.34	18.77	0.07	18.08	0.03	18.27	0.05	18.15	0.20	18.43	0.23
59337.36	18.77	0.07	18.08	0.03	18.27	0.05	18.15	0.20	18.44	0.23
59337.37	18.77	0.07	18.08	0.03	18.27	0.05	18.15	0.20	18.44	0.23
59338.01	18.79	0.07	18.08	0.02	18.26	0.05	18.15	0.20	18.44	0.22
59338.53	18.81	0.07	18.08	0.02	18.26	0.05	18.14	0.20	18.45	0.22
59338.54	18.81	0.07	18.08	0.02	18.26	0.05	18.14	0.20	18.45	0.22
59339.89	18.85	0.07	18.09	0.03	18.25	0.05	18.13	0.21	18.47	0.20
59341.77	18.91	0.07	18.11	0.02	18.25	0.05	18.12	0.21	18.51	0.19
59341.83	18.91	0.07	18.11	0.02	18.25	0.05	18.12	0.21	18.51	0.19
59343.26	18.94	0.07	18.12	0.03	18.26	0.05	18.13	0.20	18.55	0.18
59343.31	18.94	0.07	18.12	0.03	18.26	0.05	18.13	0.20	18.55	0.18
59343.31	18.94	0.07	18.12	0.03	18.26	0.05	18.13	0.20	18.55	0.18
59343.32	18.94	0.07	18.12	0.03	18.26	0.05	18.13	0.20	18.55	0.18
59343.34	18.94	0.07	18.12	0.03	18.26	0.05	18.13	0.20	18.55	0.18
59344.37	18.96	0.07	18.12	0.03	18.27	0.05	18.15	0.20	18.58	0.18
59345.33	18.99	0.07	18.12	0.03	18.28	0.05	18.17	0.20	18.61	0.18
59345.33	18.99	0.07	18.12	0.03	18.28	0.05	18.17	0.20	18.61	0.18
59345.34	18.99	0.07	18.12	0.03	18.28	0.05	18.17	0.20	18.61	0.18
59345.35	18.99	0.07	18.12	0.03	18.28	0.05	18.17	0.20	18.61	0.18
59346.02	19.03	0.07	18.12	0.03	18.29	0.05	18.20	0.20	18.63	0.18
59347.03	19.08	0.07	18.13	0.03	18.31	0.05	18.24	0.20	18.67	0.18
59347.32	19.09	0.07	18.13	0.03	18.32	0.05	18.25	0.20	18.68	0.18
59347.33	19.09	0.07	18.13	0.03	18.32	0.05	18.25	0.20	18.68	0.18
59347.33	19.09	0.07	18.13	0.03	18.32	0.05	18.25	0.20	18.68	0.18
59347.35	19.09	0.07	18.14	0.03	18.32	0.05	18.25	0.20	18.68	0.18
59348.90	19.18	0.07	18.17	0.03	18.36	0.05	18.32	0.20	18.74	0.19
59349.27	19.20	0.07	18.18	0.03	18.37	0.05	18.34	0.19	18.75	0.19
59349.27	19.20	0.07	18.18	0.03	18.37	0.05	18.34	0.19	18.75	0.19
59349.29	19.20	0.07	18.18	0.03	18.37	0.05	18.34	0.19	18.75	0.19
59349.31	19.20	0.07	18.18	0.03	18.37	0.05	18.34	0.19	18.75	0.19
59350.25	19.25	0.07	18.21	0.03	18.40	0.05	18.38	0.19	18.79	0.20
59351.29	19.31	0.07	18.26	0.03	18.45	0.06	18.43	0.19	18.84	0.21
59351.31	19.31	0.07	18.26	0.03	18.45	0.06	18.43	0.19	18.84	0.21
59351.32	19.31	0.07	18.26	0.03	18.45	0.06	18.43	0.19	18.84	0.21
59351.33	19.31	0.07	18.26	0.03	18.45	0.06	18.43	0.19	18.84	0.21
59352.83	19.39	0.07	18.34	0.03	18.53	0.05	18.49	0.19	18.91	0.22
59353.24	19.41	0.07	18.36	0.02	18.56	0.05	18.51	0.19	18.93	0.22
59353.25	19.41	0.07	18.36	0.02	18.56	0.05	18.51	0.19	18.93	0.22
59353.26	19.41	0.07	18.36	0.02	18.56	0.05	18.51	0.19	18.93	0.22
59353.26	19.41	0.07	18.36	0.02	18.56	0.05	18.51	0.19	18.93	0.22
59353.26	19.41	0.07	18.36	0.02	18.56	0.05	18.51	0.19	18.93	0.22
59353.27	19.41	0.07	18.36	0.02	18.56	0.05	18.51	0.19	18.93	0.22
59353.28	19.41	0.07	18.36	0.02	18.56	0.05	18.51	0.19	18.93	0.22
59353.62	19.43	0.07	18.38	0.03	18.58	0.05	18.53	0.20	18.94	0.23
59355.90	19.58	0.07	18.57	0.02	18.74	0.05	18.63	0.20	19.05	0.24
59355.97	19.59	0.07	18.57	0.02	18.75	0.05	18.64	0.20	19.05	0.24
59357.31	19.68	0.07	18.67	0.03	18.85	0.05	18.71	0.20	19.12	0.25
59357.31	19.68	0.07	18.67	0.03	18.85	0.05	18.71	0.20	19.12	0.25
59357.31	19.68	0.07	18.67	0.03	18.85	0.05	18.71	0.20	19.12	0.25
59357.33	19.69	0.07	18.67	0.03	18.85	0.05	18.71	0.20	19.12	0.25
59357.33	19.69	0.07	18.67	0.03	18.85	0.05	18.71	0.20	19.12	0.25
59357.35	19.69	0.07	18.67	0.03	18.86	0.05	18.71	0.20	19.12	0.25
59358.06	19.74	0.07	18.71	0.02	18.91	0.05	18.75	0.20	19.15	0.25
59358.23	19.75	0.07	18.72	0.02	18.93	0.05	18.76	0.20	19.16	0.25
59359.29	19.83	0.07	18.78	0.04	19.02	0.05	18.83	0.20	19.21	0.25
59359.31	19.83	0.07	18.78	0.04	19.02	0.05	18.83	0.20	19.21	0.25
59361.13	19.97	0.07	18.89	0.02	19.18	0.05	18.96	0.21	19.30	0.25
59361.25	19.98	0.07	18.90	0.02	19.19	0.05	18.97	0.21	19.30	0.25
59363.31	20.12	0.08	19.04	0.05	19.36	0.06	19.11	0.21	19.40	0.24
59363.32	20.12	0.08	19.04	0.05	19.36	0.06	19.11	0.21	19.40	0.24
59365.04	20.23	0.08	19.16	0.02	19.49	0.05	19.19	0.21	19.47	0.23
59365.36	NaN	NaN	19.18	0.02	19.51	0.05	19.21	0.21	19.48	0.23
59367.14	NaN	NaN	19.27	0.02	19.62	0.05	19.27	0.21	19.55	0.21
59367.21	NaN	NaN	19.27	0.02	19.63	0.05	19.28	0.21	19.55	0.21
59367.24	NaN	NaN	19.27	0.02	19.63	0.05	19.28	0.21	19.55	0.21
59367.27	NaN	NaN	19.27	0.02	19.63	0.05	19.28	0.21	19.55	0.21
59367.27	NaN	NaN	19.27	0.02	19.63	0.05	19.28	0.21	19.55	0.21
59367.29	NaN	NaN	19.27	0.02	19.63	0.05	19.28	0.21	19.56	0.21
59369.33	NaN	NaN	19.34	0.04	19.72	0.06	19.33	0.23	19.62	0.20
59369.34	NaN	NaN	19.34	0.04	19.73	0.06	19.33	0.23	19.62	0.20
59370.27	NaN	NaN	19.36	0.03	19.75	0.05	19.35	0.24	19.65	0.20
59371.48	NaN	NaN	19.39	0.03	19.78	0.06	19.38	0.26	19.69	0.20
59373.32	NaN	NaN	19.42	0.04	19.79	0.06	19.40	0.29	19.73	0.22
59374.78	NaN	NaN	19.44	0.03	19.79	0.06	19.42	0.31	NaN	NaN
59377.12	NaN	NaN	19.45	0.03	19.76	0.06	19.43	0.34	NaN	NaN
59393.28	NaN	NaN	19.32	0.70	NaN	NaN	19.37	0.24	NaN	NaN
59397.27	NaN	NaN	19.30	0.62	NaN	NaN	19.33	0.24	NaN	NaN
59408.29	NaN	NaN	19.47	0.03	NaN	NaN	NaN	NaN	NaN	NaN
59409.71	NaN	NaN	19.53	0.03	NaN	NaN	NaN	NaN	NaN	NaN
59414.89	NaN	NaN	19.65	0.03	NaN	NaN	NaN	NaN	NaN	NaN
59418.20	NaN	NaN	19.62	0.03	NaN	NaN	NaN	NaN	NaN	NaN
59509.27	NaN	NaN	20.08	0.03	NaN	NaN	NaN	NaN	NaN	NaN
