#MJD	g	gerr	r	rerr	i	ierr
59223.47	NaN	NaN	19.54	0.10	NaN	NaN
59225.39	NaN	NaN	18.97	0.14	19.13	0.10
59225.44	18.58	0.10	18.96	0.14	19.04	0.14
59228.30	18.12	0.18	18.22	0.10	18.66	0.13
59228.51	18.10	0.18	18.23	0.11	18.54	0.10
59228.56	17.94	0.10	18.23	0.11	18.63	0.13
59230.68	17.94	0.10	18.08	0.13	18.39	0.14
59231.36	17.90	0.20	18.08	0.12	18.34	0.10
59232.56	17.86	0.23	18.11	0.10	18.22	0.15
59248.36	18.43	0.22	18.17	0.15	18.26	0.10
59249.52	18.52	0.10	18.20	0.11	18.28	0.13
59249.54	18.50	0.20	18.19	0.10	18.28	0.13
59251.19	18.58	0.19	18.26	0.10	18.31	0.10
59251.90	18.62	0.18	18.29	0.10	18.33	0.12
59253.52	18.66	0.10	18.33	0.12	18.36	0.12
59253.54	18.70	0.18	18.33	0.12	18.39	0.10
59255.17	18.74	0.10	18.37	0.11	18.39	0.12
59256.14	18.82	0.18	18.38	0.10	18.41	0.12
59257.08	18.85	0.18	18.47	0.10	18.41	0.10
59257.27	18.94	0.10	18.45	0.10	18.42	0.13
59260.62	18.92	0.19	18.53	0.15	18.44	0.10
59262.47	18.91	0.10	18.54	0.11	18.51	0.12
59262.73	18.92	0.19	18.54	0.10	18.52	0.12
59264.38	18.92	0.20	18.53	0.13	18.58	0.10
59267.22	18.92	0.19	18.49	0.10	18.58	0.10
59267.46	18.92	0.19	18.51	0.10	18.59	0.13
59268.37	18.90	0.10	18.49	0.10	18.59	0.13
59268.41	18.92	0.19	18.46	0.10	18.59	0.13
59272.85	19.00	0.10	18.59	0.10	18.60	0.13
59272.88	19.00	0.18	18.62	0.10	18.60	0.13
59274.29	19.03	0.18	18.55	0.10	18.62	0.10
59275.25	19.06	0.18	18.49	0.10	18.58	0.13
59276.15	19.03	0.10	18.51	0.12	18.58	0.13
59277.60	19.12	0.18	18.52	0.16	18.55	0.10
59278.03	19.19	0.10	18.53	0.16	18.56	0.13
59281.38	19.18	0.24	18.61	0.10	18.55	0.13
59281.86	19.18	0.25	18.60	0.12	18.51	0.10
59291.01	19.12	0.10	18.36	0.11	18.48	0.13
59291.31	19.08	0.18	18.35	0.10	18.48	0.13
59292.24	19.07	0.18	18.36	0.12	18.58	0.10
59292.91	18.97	0.10	18.36	0.13	18.44	0.13
59294.14	19.03	0.18	18.36	0.14	18.34	0.10
59296.21	19.08	0.10	18.34	0.11	18.36	0.12
59296.50	18.99	0.19	18.35	0.10	18.35	0.12
59297.92	18.95	0.19	18.28	0.13	18.27	0.10
59301.24	18.83	0.19	18.09	0.10	18.25	0.13
59302.18	18.80	0.18	18.07	0.12	18.25	0.10
59302.61	18.73	0.10	18.07	0.13	18.23	0.13
59304.02	18.78	0.10	18.05	0.14	18.23	0.13
59306.44	18.74	0.18	18.06	0.10	18.23	0.12
59306.90	18.74	0.18	18.06	0.11	18.25	0.10
59308.27	18.74	0.10	18.06	0.16	18.24	0.12
59309.26	18.74	0.19	18.06	0.19	18.25	0.10
59312.09	18.73	0.18	18.06	0.18	18.25	0.10
59312.52	18.74	0.10	18.06	0.16	18.27	0.12
59314.46	18.72	0.18	18.07	0.10	18.28	0.12
59315.86	18.71	0.18	18.11	0.10	18.27	0.10
59316.30	18.71	0.10	18.11	0.10	18.28	0.12
59316.82	18.71	0.19	18.13	0.10	18.28	0.12
59318.22	18.69	0.19	18.10	0.12	18.31	0.10
59320.59	18.66	0.18	18.03	0.11	18.25	0.10
59321.02	18.68	0.10	18.02	0.10	18.24	0.12
59321.08	18.66	0.18	18.01	0.10	18.24	0.12
59322.92	18.61	0.10	17.96	0.11	18.23	0.12
59322.95	18.63	0.18	17.96	0.11	18.22	0.10
59323.91	18.62	0.19	17.94	0.10	18.22	0.12
59326.02	18.60	0.20	17.92	0.15	18.18	0.10
59329.29	18.59	0.10	17.95	0.11	18.22	0.14
59329.58	18.61	0.19	17.95	0.10	18.22	0.14
59335.18	18.75	0.10	18.05	0.13	18.26	0.13
59336.16	18.75	0.18	18.07	0.10	18.32	0.10
59336.18	18.75	0.18	18.07	0.10	18.26	0.13
59338.01	18.76	0.10	18.08	0.10	18.26	0.13
59338.53	18.81	0.17	18.08	0.10	18.24	0.10
59338.54	18.81	0.17	18.08	0.10	18.27	0.13
59339.89	18.85	0.10	18.09	0.12	18.26	0.13
59341.77	18.97	0.10	18.11	0.13	18.26	0.13
59341.83	18.90	0.17	18.11	0.12	18.24	0.10
59343.26	18.94	0.17	18.12	0.10	18.27	0.13
59344.37	18.91	0.10	18.12	0.11	18.27	0.13
59346.02	19.04	0.10	18.12	0.11	18.29	0.14
59347.03	19.08	0.18	18.13	0.10	18.31	0.14
59348.90	19.17	0.18	18.17	0.15	18.36	0.10
59350.25	19.27	0.10	18.21	0.17	18.40	0.14
59352.83	19.37	0.10	18.34	0.12	18.53	0.14
59353.62	19.44	0.19	18.38	0.10	18.58	0.14
59355.90	19.58	0.19	18.56	0.10	18.74	0.14
59355.97	19.59	0.19	18.58	0.10	18.75	0.14
59358.06	19.74	0.19	18.71	0.14	18.91	0.10
59358.23	19.75	0.10	18.72	0.14	18.93	0.14
59361.13	19.97	0.20	18.89	0.10	19.18	0.14
59361.25	19.98	0.20	18.90	0.11	19.19	0.14
59365.04	20.23	0.10	19.16	0.10	19.49	0.14
59365.36	NaN	NaN	19.19	0.10	19.51	0.14
59367.14	NaN	NaN	19.27	0.10	19.62	0.13
59367.21	NaN	NaN	19.27	0.10	19.63	0.10
59367.24	NaN	NaN	19.27	0.10	19.63	0.13
59370.27	NaN	NaN	19.36	0.12	19.76	0.10
59371.48	NaN	NaN	19.39	0.10	19.78	0.13
59374.78	NaN	NaN	19.44	0.10	19.79	0.14
59377.12	NaN	NaN	19.45	0.25	19.75	0.10
59408.29	NaN	NaN	19.47	0.10	NaN	NaN
59409.71	NaN	NaN	19.53	0.10	NaN	NaN
59414.89	NaN	NaN	19.65	0.10	NaN	NaN
59418.20	NaN	NaN	19.62	0.10	NaN	NaN
59509.27	NaN	NaN	20.08	0.10	NaN	NaN
