#MJD	g	gerr	r	rerr	o	oerr	c	cerr
59177.02	20.06	0.12	NaN	NaN	NaN	NaN	NaN	NaN
59177.05	20.06	0.11	20.15	0.16	NaN	NaN	NaN	NaN
59179.99	20.04	0.11	20.10	0.15	NaN	NaN	NaN	NaN
59180.03	20.04	0.11	20.10	0.15	NaN	NaN	NaN	NaN
59182.03	20.08	0.11	20.06	0.15	NaN	NaN	NaN	NaN
59182.96	20.10	0.11	20.05	0.15	NaN	NaN	NaN	NaN
59185.01	20.18	0.11	20.01	0.15	NaN	NaN	NaN	NaN
59189.01	20.35	0.11	19.96	0.15	NaN	NaN	NaN	NaN
59189.04	20.35	0.11	19.96	0.15	NaN	NaN	NaN	NaN
59193.04	20.49	0.11	19.90	0.15	NaN	NaN	NaN	NaN
59194.04	20.52	0.11	19.89	0.15	NaN	NaN	NaN	NaN
59196.03	20.58	0.11	19.86	0.15	NaN	NaN	NaN	NaN
59197.01	20.60	0.11	19.85	0.15	NaN	NaN	NaN	NaN
59199.02	20.63	0.11	19.82	0.15	NaN	NaN	NaN	NaN
59201.02	20.63	0.11	19.79	0.15	NaN	NaN	NaN	NaN
59203.98	20.58	0.11	19.75	0.16	NaN	NaN	NaN	NaN
59204.04	20.58	0.11	19.75	0.16	NaN	NaN	NaN	NaN
59220.00	20.23	0.11	19.55	0.16	NaN	NaN	NaN	NaN
59220.03	20.23	0.11	19.55	0.16	NaN	NaN	NaN	NaN
59221.55	20.25	0.11	19.53	0.15	19.32	0.37	NaN	NaN
59221.56	20.25	0.11	19.53	0.15	19.32	0.37	NaN	NaN
59223.90	20.31	0.11	19.50	0.15	19.31	0.38	NaN	NaN
59223.96	20.31	0.11	19.50	0.15	19.31	0.38	NaN	NaN
59225.94	20.35	0.11	19.47	0.15	19.30	0.39	NaN	NaN
59229.61	20.35	0.11	19.42	0.15	19.27	0.41	19.66	0.29
59229.61	20.35	0.11	19.42	0.15	19.27	0.41	19.66	0.29
59229.62	20.35	0.11	19.42	0.15	19.27	0.41	19.66	0.29
59229.65	20.35	0.11	19.42	0.15	19.27	0.41	19.66	0.29
59229.93	20.35	0.11	19.41	0.15	19.27	0.41	19.64	0.30
59231.53	20.34	0.11	19.39	0.16	19.25	0.42	19.55	0.30
59231.92	20.33	0.11	19.39	0.16	19.25	0.42	19.55	0.30
59231.96	20.33	0.11	19.39	0.16	19.25	0.42	19.55	0.30
59232.57	20.33	0.12	19.38	0.16	19.24	0.42	19.56	0.30
59232.60	20.33	0.12	19.38	0.16	19.24	0.42	19.56	0.30
59248.92	20.23	0.12	19.25	0.16	19.06	0.35	19.59	0.31
59248.96	20.23	0.11	19.25	0.16	19.06	0.35	19.59	0.31
59249.66	20.24	0.11	19.24	0.15	19.05	0.35	19.59	0.31
59251.56	20.24	0.11	19.23	0.15	19.04	0.34	19.59	0.31
59251.56	20.24	0.11	19.23	0.15	19.04	0.34	19.59	0.31
59251.57	20.24	0.11	19.23	0.15	19.04	0.34	19.59	0.31
59251.58	20.24	0.11	19.23	0.15	19.04	0.34	19.59	0.31
59252.87	20.25	0.11	19.23	0.15	19.04	0.34	19.59	0.31
59252.99	20.25	0.11	19.23	0.15	19.04	0.35	19.59	0.31
59254.90	20.26	0.11	19.22	0.15	19.05	0.35	19.59	0.31
59255.46	20.26	0.11	19.21	0.15	19.05	0.36	19.59	0.30
59255.47	20.26	0.11	19.21	0.15	19.05	0.36	19.59	0.30
59256.87	20.26	0.11	19.20	0.15	19.06	0.36	19.57	0.31
59257.53	20.25	0.11	19.20	0.15	19.06	0.37	19.54	0.29
59257.54	20.25	0.11	19.20	0.15	19.06	0.37	19.54	0.29
59257.55	20.25	0.11	19.20	0.15	19.06	0.37	19.54	0.29
59258.84	20.24	0.11	19.19	0.15	19.07	0.37	19.58	0.31
59261.45	20.21	0.11	19.18	0.15	19.08	0.37	19.53	0.29
59261.46	20.21	0.11	19.18	0.15	19.08	0.37	19.53	0.29
59261.46	20.21	0.11	19.18	0.15	19.08	0.37	19.53	0.29
59262.84	20.19	0.11	19.17	0.15	19.08	0.37	19.58	0.31
59262.91	20.19	0.11	19.17	0.15	19.09	0.37	19.58	0.31
59264.87	20.16	0.11	19.17	0.15	19.09	0.36	19.59	0.31
59267.50	20.13	0.11	19.17	0.15	19.09	0.35	19.59	0.31
59267.50	20.13	0.11	19.17	0.15	19.09	0.35	19.59	0.31
59267.51	20.13	0.11	19.17	0.15	19.09	0.35	19.59	0.31
59267.52	20.13	0.11	19.17	0.15	19.09	0.35	19.59	0.31
59268.85	20.13	0.11	19.17	0.15	19.09	0.34	19.59	0.31
59268.93	20.13	0.11	19.17	0.15	19.09	0.34	19.59	0.31
59269.37	20.13	0.11	19.17	0.15	19.09	0.35	19.59	0.31
59269.38	20.13	0.11	19.17	0.15	19.09	0.35	19.59	0.31
59274.71	20.23	0.11	19.21	0.15	19.13	0.35	19.59	0.31
59274.86	20.24	0.11	19.21	0.15	19.13	0.35	19.59	0.31
59276.76	20.31	0.11	19.24	0.15	19.16	0.35	19.59	0.31
59276.87	20.31	0.11	19.24	0.15	19.16	0.35	19.59	0.31
59277.49	20.34	0.11	19.25	0.15	19.17	0.35	19.59	0.31
59277.50	20.34	0.11	19.25	0.15	19.17	0.35	19.59	0.31
59277.55	20.34	0.11	19.25	0.15	19.17	0.35	19.59	0.31
59278.91	20.40	0.11	19.27	0.15	19.19	0.35	19.59	0.31
59280.86	20.48	0.12	19.30	0.15	19.22	0.36	19.59	0.31
59290.82	20.66	0.12	19.52	0.16	19.39	0.36	19.62	0.31
59290.84	20.66	0.12	19.52	0.16	19.39	0.36	19.62	0.31
59291.38	20.67	0.11	19.53	0.16	19.40	0.36	19.66	0.30
59291.39	20.67	0.11	19.53	0.16	19.40	0.36	19.66	0.30
59293.45	20.73	0.12	19.60	0.16	19.41	0.35	NaN	NaN
59293.45	20.73	0.12	19.60	0.16	19.41	0.35	NaN	NaN
59293.46	20.73	0.12	19.60	0.16	19.41	0.35	NaN	NaN
59293.49	20.73	0.12	19.60	0.16	19.41	0.35	NaN	NaN
59295.77	20.81	0.12	19.68	0.16	NaN	NaN	NaN	NaN
59302.74	21.14	0.11	19.94	0.15	NaN	NaN	NaN	NaN
59302.83	21.14	0.11	19.95	0.15	NaN	NaN	NaN	NaN
59304.81	21.27	0.11	20.02	0.15	NaN	NaN	NaN	NaN
59304.85	21.27	0.11	20.02	0.15	NaN	NaN	NaN	NaN
59307.75	21.47	0.11	20.12	0.15	NaN	NaN	NaN	NaN
59307.78	21.47	0.11	20.12	0.15	NaN	NaN	NaN	NaN
59311.67	21.59	0.11	20.25	0.15	NaN	NaN	NaN	NaN
59313.71	21.62	0.11	20.30	0.15	NaN	NaN	NaN	NaN
59313.75	21.62	0.11	20.30	0.15	NaN	NaN	NaN	NaN
59315.75	21.63	0.11	20.35	0.15	NaN	NaN	NaN	NaN
59322.77	21.63	0.13	20.46	0.16	NaN	NaN	NaN	NaN
59329.73	21.57	0.13	20.52	0.16	NaN	NaN	NaN	NaN
59335.71	21.51	0.12	20.58	0.16	NaN	NaN	NaN	NaN
59338.74	21.48	0.12	20.63	0.16	NaN	NaN	NaN	NaN
59342.78	21.46	0.11	20.70	0.16	NaN	NaN	NaN	NaN
59344.76	21.47	0.12	20.74	0.16	NaN	NaN	NaN	NaN
59348.69	21.50	0.12	20.83	0.16	NaN	NaN	NaN	NaN
59353.68	21.56	0.13	20.92	0.16	NaN	NaN	NaN	NaN
59367.72	21.78	0.13	21.11	0.16	NaN	NaN	NaN	NaN
59371.69	21.82	0.13	21.14	0.16	NaN	NaN	NaN	NaN
59371.73	NaN	NaN	21.14	0.16	NaN	NaN	NaN	NaN
59375.73	NaN	NaN	21.15	0.16	NaN	NaN	NaN	NaN
59379.71	NaN	NaN	21.15	0.17	NaN	NaN	NaN	NaN
