# ph	T_bb	err	R_bb	err	L_bb	err

2.05	6.30e+03	3.15e+01	3.68e+14	3.32e+12	1.52e+41	4.10e+39
2.12	6.55e+03	2.70e+02	3.29e+14	2.38e+13	1.42e+41	3.12e+40
2.12	6.57e+03	2.61e+02	3.28e+14	2.26e+13	1.43e+41	3.00e+40
2.13	6.60e+03	2.87e+02	3.24e+14	2.44e+13	1.42e+41	3.26e+40
2.13	6.61e+03	3.19e+02	3.21e+14	2.69e+13	1.40e+41	3.59e+40
2.14	6.60e+03	2.87e+02	3.24e+14	2.44e+13	1.42e+41	3.27e+40
2.90	7.06e+03	5.64e+02	2.79e+14	3.57e+13	1.38e+41	5.66e+40
4.03	6.59e+03	3.05e+02	3.30e+14	2.63e+13	1.46e+41	3.58e+40
4.18	6.63e+03	2.49e+02	3.31e+14	2.08e+13	1.50e+41	2.94e+40
5.97	6.77e+03	4.69e+02	3.16e+14	3.69e+13	1.50e+41	5.42e+40
8.29	6.58e+03	2.83e+02	3.60e+14	3.18e+13	1.74e+41	4.28e+40
12.05	5.86e+03	3.12e+02	4.61e+14	4.60e+13	1.79e+41	5.21e+40
15.84	5.42e+03	3.02e+02	5.62e+14	6.19e+13	1.95e+41	6.10e+40
17.19	5.38e+03	3.38e+02	5.79e+14	7.34e+13	1.99e+41	7.11e+40
25.35	4.38e+03	5.29e+02	1.19e+15	4.38e+14	3.73e+41	3.28e+41
26.97	4.82e+03	2.81e+02	7.81e+14	1.36e+14	2.34e+41	9.77e+40
43.78	5.29e+03	6.66e+02	7.37e+14	1.93e+14	3.03e+41	2.20e+41
49.58	5.35e+03	6.75e+02	7.49e+14	1.93e+14	3.26e+41	2.36e+41
65.57	5.33e+03	6.85e+02	8.51e+14	2.26e+14	4.17e+41	3.09e+41
65.63	5.44e+03	7.62e+02	8.48e+14	2.48e+14	4.47e+41	3.62e+41
67.49	5.35e+03	7.26e+02	8.77e+14	2.50e+14	4.50e+41	3.54e+41
67.53	5.26e+03	6.33e+02	8.78e+14	2.22e+14	4.19e+41	2.92e+41
69.56	5.23e+03	6.14e+02	9.08e+14	2.29e+14	4.39e+41	3.03e+41
73.48	5.09e+03	4.80e+02	9.76e+14	2.11e+14	4.56e+41	2.62e+41
75.60	4.99e+03	4.65e+02	1.06e+15	2.37e+14	4.99e+41	2.90e+41
78.49	4.86e+03	3.30e+02	1.14e+15	2.08e+14	5.14e+41	2.34e+41
79.57	4.81e+03	3.05e+02	1.17e+15	2.13e+14	5.23e+41	2.32e+41
80.49	4.86e+03	2.66e+02	1.13e+15	1.90e+14	5.03e+41	2.02e+41
80.66	4.64e+03	2.77e+02	1.34e+15	2.30e+14	5.92e+41	2.47e+41
82.39	4.57e+03	4.66e+02	1.53e+15	4.54e+14	7.30e+41	5.26e+41
83.39	4.37e+03	4.90e+02	1.80e+15	6.17e+14	8.40e+41	6.88e+41
84.30	4.40e+03	5.23e+02	1.78e+15	6.41e+14	8.41e+41	7.26e+41
84.69	4.62e+03	4.53e+02	1.38e+15	4.29e+14	6.23e+41	4.57e+41
85.34	4.68e+03	3.09e+02	1.29e+15	2.67e+14	5.74e+41	2.81e+41
86.70	4.80e+03	2.69e+02	1.17e+15	2.10e+14	5.22e+41	2.21e+41
88.36	4.66e+03	2.88e+02	1.30e+15	2.58e+14	5.74e+41	2.68e+41
88.64	4.69e+03	3.28e+02	1.28e+15	2.91e+14	5.66e+41	3.02e+41
89.29	4.41e+03	4.53e+02	1.69e+15	5.43e+14	7.69e+41	5.86e+41
89.36	4.37e+03	4.55e+02	1.76e+15	5.64e+14	8.11e+41	6.19e+41
89.42	5.03e+03	5.03e+02	1.19e+15	3.18e+14	6.48e+41	4.31e+41
90.27	4.49e+03	4.57e+02	1.63e+15	4.91e+14	7.63e+41	5.56e+41
91.31	4.61e+03	2.97e+02	1.36e+15	2.72e+14	5.98e+41	2.84e+41
91.36	4.64e+03	3.03e+02	1.34e+15	2.74e+14	5.88e+41	2.85e+41
91.67	4.73e+03	2.94e+02	1.24e+15	2.43e+14	5.47e+41	2.54e+41
93.36	4.57e+03	5.17e+02	1.54e+15	5.07e+14	7.36e+41	5.88e+41
95.24	4.62e+03	5.64e+02	1.51e+15	5.30e+14	7.42e+41	6.35e+41
95.51	4.64e+03	4.90e+02	1.40e+15	4.41e+14	6.50e+41	4.92e+41
97.20	4.75e+03	2.29e+02	1.21e+15	1.81e+14	5.28e+41	1.88e+41
97.30	4.62e+03	2.53e+02	1.33e+15	2.17e+14	5.80e+41	2.28e+41
100.65	4.55e+03	3.31e+02	1.40e+15	3.33e+14	5.96e+41	3.33e+41
101.32	4.90e+03	5.34e+02	1.28e+15	3.81e+14	6.71e+41	4.95e+41
102.21	4.20e+03	4.93e+02	2.04e+15	7.59e+14	9.15e+41	8.06e+41
102.25	4.26e+03	5.19e+02	1.93e+15	7.38e+14	8.75e+41	7.93e+41
103.22	4.48e+03	3.01e+02	1.43e+15	3.24e+14	5.92e+41	3.11e+41
104.18	4.40e+03	2.87e+02	1.52e+15	3.29e+14	6.19e+41	3.12e+41
105.24	4.26e+03	4.85e+02	1.89e+15	6.71e+14	8.35e+41	7.06e+41
105.36	4.72e+03	4.61e+02	1.38e+15	3.80e+14	6.67e+41	4.52e+41
106.59	4.47e+03	2.10e+02	1.38e+15	2.22e+14	5.43e+41	2.02e+41
109.20	4.32e+03	1.93e+02	1.48e+15	2.29e+14	5.46e+41	1.95e+41
110.54	4.25e+03	2.91e+02	1.53e+15	3.78e+14	5.46e+41	3.09e+41
111.12	3.89e+03	4.38e+02	2.34e+15	9.14e+14	9.00e+41	8.10e+41
111.18	3.98e+03	4.89e+02	2.20e+15	9.02e+14	8.67e+41	8.29e+41
113.18	3.96e+03	5.51e+02	2.15e+15	1.01e+15	8.11e+41	8.83e+41
117.32	4.05e+03	2.17e+02	1.43e+15	2.72e+14	3.90e+41	1.70e+41
117.34	4.05e+03	2.13e+02	1.43e+15	2.66e+14	3.89e+41	1.67e+41
118.20	4.01e+03	2.06e+02	1.43e+15	2.66e+14	3.76e+41	1.60e+41
118.49	3.94e+03	2.09e+02	1.52e+15	2.86e+14	3.97e+41	1.71e+41
120.11	3.90e+03	1.97e+02	1.47e+15	2.83e+14	3.58e+41	1.55e+41
120.16	3.90e+03	2.01e+02	1.48e+15	2.92e+14	3.59e+41	1.60e+41
121.07	3.87e+03	2.19e+02	1.48e+15	3.31e+14	3.47e+41	1.74e+41
121.10	3.89e+03	2.32e+02	1.44e+15	3.41e+14	3.38e+41	1.79e+41
121.21	3.86e+03	2.28e+02	1.49e+15	3.49e+14	3.49e+41	1.83e+41
121.51	3.82e+03	2.75e+02	1.54e+15	4.43e+14	3.59e+41	2.32e+41
122.07	3.64e+03	2.74e+02	1.97e+15	5.50e+14	4.85e+41	3.07e+41
122.18	3.69e+03	2.44e+02	1.86e+15	4.43e+14	4.53e+41	2.47e+41
122.26	3.84e+03	1.76e+02	1.58e+15	2.52e+14	3.89e+41	1.43e+41
123.11	3.84e+03	1.52e+02	1.42e+15	2.21e+14	3.13e+41	1.09e+41
123.11	3.83e+03	1.44e+02	1.44e+15	2.11e+14	3.18e+41	1.05e+41
124.09	3.69e+03	2.98e+02	1.76e+15	5.13e+14	4.09e+41	2.73e+41
124.31	3.71e+03	2.86e+02	1.67e+15	4.85e+14	3.76e+41	2.48e+41
125.07	3.83e+03	1.71e+02	1.36e+15	2.30e+14	2.86e+41	1.09e+41
125.11	3.84e+03	1.78e+02	1.35e+15	2.41e+14	2.83e+41	1.14e+41
126.05	3.83e+03	1.52e+02	1.33e+15	2.01e+14	2.72e+41	9.29e+40
126.24	3.85e+03	1.46e+02	1.31e+15	1.89e+14	2.66e+41	8.69e+40
126.34	3.86e+03	1.58e+02	1.28e+15	2.05e+14	2.59e+41	9.32e+40
128.25	3.85e+03	1.41e+02	1.25e+15	1.80e+14	2.44e+41	7.90e+40
129.05	3.82e+03	1.30e+02	1.28e+15	1.71e+14	2.48e+41	7.44e+40
129.07	3.77e+03	1.23e+02	1.35e+15	1.65e+14	2.63e+41	7.29e+40
131.33	3.68e+03	1.46e+02	1.50e+15	2.14e+14	2.93e+41	9.60e+40
134.01	3.73e+03	1.40e+02	1.31e+15	1.95e+14	2.38e+41	7.91e+40
135.01	3.77e+03	1.32e+02	1.24e+15	1.75e+14	2.21e+41	6.97e+40
135.21	3.76e+03	1.33e+02	1.24e+15	1.77e+14	2.20e+41	7.01e+40
136.98	3.73e+03	1.34e+02	1.26e+15	1.86e+14	2.21e+41	7.23e+40
136.99	3.73e+03	1.32e+02	1.26e+15	1.82e+14	2.20e+41	7.07e+40
138.15	3.62e+03	1.44e+02	1.48e+15	2.17e+14	2.68e+41	8.92e+40
138.97	3.67e+03	1.39e+02	1.34e+15	2.04e+14	2.33e+41	7.90e+40
143.93	3.75e+03	1.63e+02	1.20e+15	1.96e+14	2.04e+41	7.54e+40
145.95	3.73e+03	2.13e+02	1.30e+15	2.64e+14	2.32e+41	1.08e+41
149.15	3.70e+03	1.37e+02	1.30e+15	1.73e+14	2.24e+41	6.85e+40
149.21	3.73e+03	1.28e+02	1.26e+15	1.56e+14	2.18e+41	6.18e+40
151.20	3.89e+03	7.01e+01	1.03e+15	7.01e+13	1.73e+41	2.66e+40
155.02	3.94e+03	9.97e+01	9.78e+14	7.80e+13	1.64e+41	3.10e+40
158.15	3.95e+03	2.49e+02	9.81e+14	1.79e+14	1.67e+41	7.43e+40
160.07	3.94e+03	1.94e+02	9.55e+14	1.34e+14	1.57e+41	5.39e+40
161.10	3.94e+03	1.91e+02	9.53e+14	1.30e+14	1.55e+41	5.21e+40
161.20	3.93e+03	1.63e+02	9.52e+14	1.11e+14	1.54e+41	4.42e+40
175.77	3.62e+03	1.96e+02	1.19e+15	2.35e+14	1.73e+41	7.81e+40
180.03	3.86e+03	1.78e+02	9.18e+14	1.16e+14	1.33e+41	4.15e+40
197.64	3.46e+03	2.44e+02	1.23e+15	3.35e+14	1.55e+41	9.47e+40
208.54	3.61e+03	2.32e+02	1.01e+15	2.38e+14	1.23e+41	6.61e+40
222.44	4.26e+03	3.35e+02	5.47e+14	1.34e+14	7.02e+40	4.09e+40
230.36	4.08e+03	2.05e+02	6.51e+14	1.04e+14	8.34e+40	3.14e+40
238.33	4.50e+03	2.95e+02	4.27e+14	8.29e+13	5.35e+40	2.50e+40
245.29	4.52e+03	2.73e+02	4.13e+14	7.36e+13	5.07e+40	2.18e+40
320.16	4.25e+03	2.68e+02	3.90e+14	7.70e+13	3.54e+40	1.66e+40
374.73	4.32e+03	3.23e+02	2.85e+14	6.57e+13	2.00e+40	1.10e+40
385.75	4.83e+03	4.47e+02	2.08e+14	4.18e+13	1.68e+40	9.17e+39
416.37	4.74e+03	2.11e+02	1.83e+14	2.29e+13	1.20e+40	3.70e+39
450.08	6.39e+03	4.99e+02	7.62e+13	1.26e+13	6.88e+39	3.13e+39
