##phase	B	err	V	err	R	err	I	err	
#
2.05	18.75	0.52	18.18	0.26	17.79	0.08	17.44	0.13
2.12	18.76	0.52	18.18	0.26	17.89	0.06	17.54	0.13
2.12	18.76	0.52	18.18	0.26	17.89	0.08	17.54	0.13
2.13	18.76	0.52	18.18	0.26	17.90	0.08	17.55	0.13
2.13	18.76	0.52	18.18	0.26	17.91	0.07	17.56	0.13
2.14	18.76	0.52	18.18	0.26	17.90	0.08	17.55	0.13
2.90	18.76	0.51	18.16	0.25	18.01	0.15	17.66	0.13
4.03	18.78	0.49	18.14	0.24	17.87	0.10	17.52	0.12
4.18	18.78	0.49	18.13	0.23	17.86	0.25	17.51	0.12
5.97	18.80	0.46	18.09	0.19	17.88	0.12	17.53	0.11
8.29	18.82	0.42	18.04	0.00	17.71	0.21	17.36	0.10
12.05	18.86	0.34	17.96	0.19	17.57	0.12	17.22	0.09
15.84	18.89	0.26	17.87	0.20	17.42	0.19	17.07	0.08
17.19	18.89	0.23	17.84	0.20	17.40	0.12	17.05	0.07
25.35	18.91	0.04	17.66	0.00	17.28	0.11	16.93	0.10
26.97	18.90	0.06	17.61	0.14	17.26	0.11	16.90	0.10
43.78	18.70	0.36	17.20	0.24	16.96	0.09	16.63	0.10
49.58	18.59	0.39	17.08	0.24	16.89	0.10	16.54	0.10
65.57	18.26	0.31	16.80	0.22	16.57	0.12	16.28	0.10
65.63	18.26	0.31	16.80	0.22	16.56	0.05	16.28	0.10
67.49	18.22	0.28	16.77	0.22	16.52	0.07	16.25	0.10
67.53	18.22	0.28	16.77	0.22	16.52	0.19	16.25	0.10
69.56	18.18	0.25	16.75	0.21	16.50	0.13	16.22	0.10
73.48	18.12	0.18	16.72	0.20	16.47	0.16	16.15	0.10
75.60	18.08	0.14	16.71	0.20	16.43	0.07	16.12	0.10
78.49	18.05	0.09	16.72	0.18	16.40	0.08	16.07	0.10
79.57	18.04	0.07	16.74	0.17	16.35	0.09	16.06	0.10
80.49	18.03	0.05	16.78	0.15	16.32	0.23	16.04	0.10
80.66	18.03	0.05	16.78	0.14	16.33	0.04	16.04	0.10
82.39	18.02	0.04	16.84	0.00	16.33	0.03	16.01	0.10
83.39	18.02	0.04	16.78	0.00	16.32	0.13	16.02	0.10
84.30	18.02	0.04	16.77	0.00	16.30	0.15	16.02	0.10
84.69	18.02	0.04	16.77	0.04	16.30	0.12	16.02	0.10
85.34	18.02	0.04	16.76	0.10	16.30	0.07	16.02	0.10
86.70	18.02	0.04	16.75	0.14	16.28	0.16	16.02	0.10
88.36	18.03	0.04	16.78	0.10	16.30	0.07	16.02	0.10
88.64	18.03	0.04	16.79	0.08	16.29	0.10	16.02	0.10
89.29	18.03	0.04	16.81	0.01	16.27	0.12	16.02	0.10
89.36	18.03	0.04	16.81	0.01	16.27	0.11	16.02	0.10
89.42	18.03	0.04	16.81	0.00	16.31	0.01	16.02	0.10
90.27	18.03	0.04	16.83	0.00	16.29	0.04	16.01	0.10
91.31	18.03	0.04	16.83	0.09	16.27	0.06	16.01	0.10
91.36	18.03	0.04	16.83	0.09	16.26	0.07	16.01	0.10
91.67	18.03	0.05	16.83	0.10	16.26	0.14	16.00	0.10
93.36	18.04	0.06	16.83	0.00	16.28	0.17	15.99	0.10
95.24	18.04	0.06	16.80	0.00	16.28	0.07	15.98	0.10
95.51	18.05	0.06	16.80	0.03	16.27	0.13	15.98	0.10
97.20	18.05	0.06	16.85	0.14	16.31	0.18	15.99	0.10
97.30	18.06	0.06	16.85	0.14	16.32	0.06	15.99	0.10
100.65	18.09	0.04	16.88	0.05	16.32	0.12	16.01	0.10
101.32	18.10	0.04	16.81	0.00	16.30	0.01	16.02	0.10
102.21	18.11	0.03	16.79	0.00	16.30	0.08	16.02	0.10
102.25	18.12	0.03	16.79	0.00	16.32	0.05	16.02	0.10
103.22	18.13	0.03	16.79	0.08	16.32	0.07	16.01	0.10
104.18	18.16	0.03	16.77	0.08	16.33	0.05	16.01	0.10
105.24	18.19	0.03	16.85	0.00	16.31	0.03	16.00	0.10
105.36	18.19	0.03	16.88	0.00	16.33	0.01	16.03	0.10
106.59	18.23	0.04	17.06	0.10	16.36	0.09	16.04	0.10
109.20	18.35	0.04	17.09	0.14	16.43	0.07	16.06	0.10
110.54	18.43	0.04	17.02	0.07	16.46	0.14	16.07	0.10
111.12	18.47	0.04	16.99	0.01	16.45	0.14	16.07	0.10
111.18	18.47	0.04	16.99	0.00	16.45	0.04	16.07	0.10
113.18	18.63	0.04	17.08	0.00	16.60	0.12	16.23	0.10
117.32	19.01	0.06	17.50	0.17	16.83	0.09	16.43	0.10
117.34	19.01	0.06	17.50	0.17	16.84	0.09	16.43	0.10
118.20	19.09	0.05	17.55	0.17	16.90	0.09	16.47	0.10
118.49	19.12	0.05	17.56	0.16	16.93	0.06	16.48	0.10
120.11	19.26	0.04	17.63	0.14	17.04	0.08	16.56	0.10
120.16	19.27	0.04	17.64	0.14	17.03	0.08	16.56	0.10
121.07	19.34	0.04	17.70	0.09	17.13	0.09	16.61	0.10
121.10	19.34	0.04	17.71	0.09	17.14	0.13	16.61	0.10
121.21	19.35	0.03	17.72	0.08	17.15	0.09	16.61	0.10
121.51	19.38	0.03	17.77	0.06	17.19	0.14	16.63	0.10
122.07	19.42	0.03	17.90	0.01	17.18	0.06	16.65	0.10
122.18	19.43	0.03	17.94	0.00	17.16	0.03	16.66	0.10
122.26	19.43	0.03	17.97	0.00	17.17	0.01	16.72	0.10
123.11	19.49	0.03	18.09	0.05	17.29	0.10	16.73	0.10
123.11	19.49	0.03	18.09	0.05	17.30	0.07	16.73	0.10
124.09	19.55	0.04	18.04	0.01	17.43	0.08	16.74	0.10
124.31	19.56	0.04	18.03	0.02	17.44	0.12	16.75	0.10
125.07	19.60	0.04	18.00	0.10	17.46	0.07	16.77	0.10
125.11	19.60	0.04	18.00	0.10	17.46	0.09	16.77	0.10
126.05	19.65	0.05	17.99	0.14	17.47	0.09	16.81	0.10
126.24	19.65	0.05	18.00	0.15	17.51	0.09	16.81	0.10
126.34	19.66	0.05	18.00	0.15	17.51	0.20	16.82	0.10
128.25	19.73	0.05	18.09	0.16	17.56	0.18	16.88	0.10
129.05	19.76	0.04	18.16	0.15	17.56	0.09	16.91	0.10
129.07	19.76	0.04	18.16	0.15	17.55	0.05	16.91	0.10
131.33	19.84	0.04	18.42	0.00	17.55	0.03	16.99	0.10
134.01	19.93	0.04	18.35	0.16	17.61	0.07	17.04	0.10
135.01	19.96	0.04	18.37	0.16	17.64	0.11	17.05	0.10
135.21	19.96	0.04	18.38	0.16	17.64	0.11	17.06	0.10
136.98	20.01	0.04	18.50	0.11	17.66	0.10	17.09	0.10
136.99	20.01	0.04	18.50	0.11	17.67	0.10	17.09	0.10
138.15	20.03	0.04	18.58	0.00	17.69	0.03	17.11	0.10
138.97	20.05	0.04	18.58	0.09	17.68	0.06	17.12	0.10
143.93	20.08	0.06	18.60	0.15	17.70	0.09	17.18	0.10
145.95	20.07	0.06	18.63	0.00	17.73	0.10	17.20	0.10
149.15	20.06	0.04	18.69	0.00	17.72	0.07	17.21	0.10
149.21	20.06	0.04	18.69	0.01	17.78	0.24	17.21	0.10
151.20	20.06	0.06	18.77	0.15	17.80	0.21	17.23	0.10
155.02	20.05	0.13	18.88	0.18	17.83	0.22	17.26	0.10
158.15	20.05	0.20	18.95	0.19	17.86	0.09	17.29	0.10
160.07	20.05	0.23	18.98	0.19	17.86	0.18	17.31	0.10
161.10	20.05	0.25	19.00	0.19	17.86	0.21	17.32	0.10
161.20	20.05	0.25	19.00	0.19	17.89	0.24	17.32	0.10
175.77	20.11	0.45	19.05	0.00	18.06	0.04	17.45	0.10
180.03	20.14	0.47	19.20	0.18	18.09	0.31	17.49	0.10
197.64	20.29	0.44	19.35	0.00	18.26	0.04	17.68	0.10
208.54	20.40	0.30	19.43	0.00	18.35	0.07	17.74	0.10
222.44	20.54	0.04	19.54	0.00	18.52	0.06	17.92	0.10
230.36	20.60	0.09	19.59	0.10	18.56	0.08	18.02	0.10
238.33	20.65	0.04	19.71	0.00	18.67	0.11	18.12	0.10
245.29	20.70	0.04	19.76	0.00	18.72	0.14	18.16	0.10
320.16	21.06	0.78	20.29	0.00	19.35	0.10	18.94	0.10
374.73	21.44	0.80	20.87	0.00	19.93	0.09	19.57	0.10
385.75	21.53	0.78	20.96	0.21	20.06	0.16	19.69	0.10
416.37	21.78	0.62	21.23	0.00	20.30	0.25	20.04	0.10
450.08	22.05	0.04	21.55	0.00	20.64	0.28	20.50	0.10
#
## Reference bands: R
## B: Gaussian Process used for interp and extrap
## V: Gaussian Process used for interp and extrap
## I: Linear interp; extrap=c
## p = polynomial, c = constant colour, a = average
