##phase	S	err	D	err	A	err	U	err	B	err	g	err	V	err	r	err	R	err	I	err	J	err	H	err	K	err	
#
58423.50	19.24	0.31	19.14	0.79	18.87	0.29	17.55	0.16	16.80	0.10	16.41	0.04	15.98	0.10	15.79	0.03	15.77	0.10	15.68	0.10	15.80	0.07	15.60	0.08	15.46	0.08
58426.50	19.50	0.31	19.21	0.78	19.18	0.29	17.49	0.16	16.65	0.10	16.32	0.05	15.81	0.10	15.75	0.04	15.57	0.10	15.47	0.10	15.49	0.06	15.29	0.07	15.16	0.07
58429.60	19.72	0.31	19.26	0.70	19.41	0.29	17.43	0.16	16.52	0.10	15.73	0.11	15.64	0.10	15.63	0.04	15.38	0.10	15.26	0.10	15.20	0.04	14.99	0.06	14.87	0.06
58432.50	19.87	0.31	19.10	0.84	19.55	0.29	17.38	0.16	16.40	0.10	16.19	0.04	15.50	0.10	15.47	0.03	15.21	0.10	15.08	0.10	14.94	0.03	14.74	0.05	14.63	0.06
58432.60	19.88	0.31	19.10	0.84	19.56	0.29	17.38	0.16	16.39	0.10	15.67	0.11	15.49	0.10	15.49	0.03	15.20	0.10	15.07	0.10	14.93	0.03	14.73	0.05	14.62	0.06
58440.50	20.07	0.31	19.18	0.84	19.65	0.29	17.30	0.16	16.13	0.10	15.98	0.03	15.17	0.10	15.22	0.03	14.82	0.10	14.66	0.10	14.35	0.10	14.16	0.10	14.05	0.10
58440.60	20.07	0.31	19.18	0.84	19.65	0.29	17.29	0.16	16.12	0.10	15.55	0.11	15.17	0.10	15.22	0.04	14.82	0.10	14.66	0.10	14.35	0.10	14.15	0.10	14.05	0.10
58443.40	20.07	0.31	19.21	0.84	19.60	0.29	17.28	0.16	16.05	0.10	15.52	0.11	15.07	0.10	15.11	0.03	14.70	0.10	14.53	0.10	14.18	0.10	13.98	0.10	13.88	0.10
58443.50	20.07	0.31	19.21	0.84	19.60	0.29	17.28	0.16	16.05	0.10	15.84	0.03	15.07	0.10	15.10	0.04	14.70	0.10	14.53	0.10	14.17	0.10	13.97	0.10	13.87	0.10
58447.40	20.02	0.31	19.26	0.84	19.47	0.29	17.27	0.16	15.96	0.10	15.47	0.11	14.96	0.10	14.92	0.03	14.56	0.10	14.38	0.10	13.96	0.10	13.77	0.10	13.66	0.10
58447.50	20.02	0.31	19.26	0.84	19.47	0.29	17.27	0.16	15.95	0.10	15.47	0.11	14.96	0.10	14.94	0.03	14.56	0.10	14.37	0.10	13.96	0.10	13.76	0.10	13.66	0.10
58471.60	19.05	0.31	19.51	0.86	18.23	0.29	17.45	0.16	15.73	0.10	15.34	0.11	14.65	0.10	14.25	0.02	14.10	0.10	13.85	0.10	13.27	0.10	13.07	0.10	12.95	0.10
58474.50	18.92	0.31	19.54	0.86	18.11	0.29	17.50	0.16	15.73	0.10	15.33	0.11	14.64	0.10	14.20	0.03	14.08	0.10	13.83	0.10	13.25	0.10	13.04	0.10	12.91	0.10
58476.50	18.84	0.31	19.56	0.87	18.03	0.29	17.53	0.16	15.74	0.10	15.33	0.11	14.65	0.10	14.17	0.04	14.08	0.10	13.82	0.10	13.24	0.10	13.03	0.10	12.90	0.10
58486.50	18.54	0.31	19.71	0.82	17.77	0.29	17.72	0.16	15.81	0.10	14.65	0.02	14.70	0.10	14.06	0.02	14.08	0.10	13.80	0.10	13.23	0.10	13.02	0.10	12.87	0.10
58491.60	18.51	0.31	19.80	0.67	17.74	0.29	17.82	0.16	15.87	0.10	15.36	0.11	14.75	0.10	14.01	0.02	14.11	0.10	13.82	0.10	13.27	0.10	13.05	0.10	12.89	0.10
58502.50	18.80	0.31	19.82	0.95	17.94	0.29	18.07	0.16	16.04	0.10	14.62	0.03	14.89	0.10	13.97	0.03	14.21	0.10	13.90	0.10	13.40	0.10	13.17	0.10	12.98	0.10
58502.60	18.80	0.31	19.82	0.95	17.95	0.29	18.07	0.16	16.04	0.10	15.42	0.11	14.89	0.10	13.98	0.02	14.22	0.10	13.90	0.10	13.40	0.10	13.17	0.10	12.98	0.10
58505.50	18.99	0.31	19.85	0.96	18.06	0.29	18.14	0.16	16.09	0.10	14.68	0.03	14.94	0.10	14.02	0.02	14.25	0.10	13.93	0.10	13.44	0.10	13.21	0.10	13.02	0.10
58508.50	19.23	0.31	19.88	0.97	18.19	0.29	18.21	0.16	16.14	0.10	14.83	0.02	14.99	0.10	14.10	0.02	14.29	0.10	13.97	0.10	13.49	0.10	13.26	0.10	13.06	0.10
58511.40	19.53	0.31	19.91	0.98	18.34	0.29	18.28	0.16	16.20	0.10	15.49	0.11	15.04	0.10	14.22	0.02	14.33	0.10	14.00	0.10	13.54	0.10	13.30	0.10	13.10	0.10
58514.40	19.89	0.31	19.94	1.00	18.52	0.29	18.35	0.16	16.26	0.10	15.28	0.06	15.09	0.10	14.38	0.03	14.38	0.10	14.04	0.10	13.60	0.10	13.36	0.10	13.15	0.10
58522.50	21.24	0.34	20.02	1.03	19.05	0.29	18.55	0.16	16.43	0.10	15.82	0.04	15.24	0.10	14.87	0.03	14.51	0.10	14.16	0.10	13.76	0.10	13.51	0.10	13.28	0.10
58526.50	22.11	0.36	20.06	1.05	19.34	0.29	18.64	0.16	16.52	0.10	16.05	0.02	15.32	0.10	14.99	0.02	14.58	0.10	14.22	0.10	13.84	0.10	13.59	0.10	13.36	0.10
58534.40	24.29	0.41	20.14	1.09	19.89	0.29	18.83	0.16	16.70	0.10	15.73	0.11	15.48	0.10	15.12	0.03	14.73	0.10	14.35	0.10	14.00	0.10	13.74	0.10	13.50	0.10
58538.40	25.65	0.44	20.17	1.12	20.13	0.29	18.92	0.16	16.79	0.10	15.78	0.11	15.56	0.10	15.20	0.04	14.80	0.10	14.41	0.10	14.09	0.10	13.82	0.10	13.58	0.10
58540.30	26.36	0.45	20.19	1.13	20.23	0.30	18.96	0.16	16.83	0.10	15.81	0.11	15.60	0.10	15.18	0.03	14.84	0.10	14.45	0.10	14.13	0.10	13.86	0.10	13.62	0.10
58543.30	27.56	0.48	20.22	1.14	20.37	0.31	19.02	0.16	16.90	0.10	16.29	0.03	15.66	0.10	15.21	0.03	14.89	0.10	14.50	0.10	14.19	0.10	13.92	0.10	13.67	0.10
58543.40	27.60	0.48	20.22	1.14	20.38	0.31	19.03	0.16	16.91	0.10	15.85	0.11	15.66	0.10	15.24	0.03	14.89	0.10	14.50	0.10	14.19	0.10	13.92	0.10	13.68	0.10
58556.20	34.04	0.58	20.34	1.22	20.46	0.38	19.28	0.16	17.20	0.10	16.03	0.11	15.91	0.10	15.40	0.03	15.12	0.10	14.70	0.10	14.43	0.10	14.16	0.10	13.92	0.10
58558.20	35.25	0.60	20.36	1.23	20.37	0.39	19.32	0.16	17.24	0.10	16.06	0.11	15.95	0.10	15.33	0.02	15.16	0.10	14.73	0.10	14.47	0.10	14.19	0.10	13.95	0.10
58559.30	35.94	0.61	20.37	1.24	20.31	0.40	19.34	0.16	17.26	0.10	16.52	0.04	15.97	0.10	15.39	0.03	15.18	0.10	14.75	0.10	14.49	0.10	14.21	0.10	13.97	0.10
58562.40	37.98	0.63	20.40	1.25	20.07	0.42	19.39	0.16	17.33	0.10	16.12	0.11	16.03	0.10	15.42	0.02	15.23	0.10	14.80	0.10	14.54	0.10	14.26	0.10	14.03	0.10
58567.27	41.48	0.68	20.44	1.28	19.49	0.46	19.47	0.16	17.43	0.10	16.51	0.06	16.11	0.10	15.45	0.03	15.31	0.10	14.87	0.10	14.62	0.10	14.34	0.10	14.11	0.10
58572.30	45.49	0.72	20.49	1.32	18.60	0.50	19.54	0.16	17.53	0.10	16.65	0.03	16.20	0.10	15.49	0.03	15.39	0.10	14.94	0.10	14.69	0.10	14.41	0.10	14.19	0.10
58574.20	47.11	0.74	20.51	1.33	18.17	0.52	19.57	0.16	17.57	0.10	16.30	0.11	16.23	0.10	15.39	0.03	15.42	0.10	14.96	0.10	14.72	0.10	14.44	0.10	14.23	0.10
58575.25	48.04	0.75	20.52	1.33	17.91	0.52	19.58	0.16	17.59	0.10	16.68	0.04	16.24	0.10	15.54	0.04	15.43	0.10	14.98	0.10	14.74	0.10	14.45	0.10	14.24	0.10
58575.40	48.17	0.75	20.52	1.34	17.87	0.53	19.59	0.16	17.59	0.10	16.32	0.11	16.25	0.10	15.53	0.04	15.43	0.10	14.98	0.10	14.74	0.10	14.46	0.10	14.25	0.10
58580.30	52.75	0.80	20.56	1.37	16.41	0.57	19.65	0.16	17.68	0.10	16.75	0.03	16.32	0.10	15.57	0.03	15.50	0.10	15.04	0.10	14.80	0.10	14.52	0.10	14.32	0.10
58583.30	55.77	0.82	20.59	1.39	15.30	0.59	19.68	0.16	17.73	0.10	16.45	0.11	16.36	0.10	15.59	0.03	15.54	0.10	15.07	0.10	14.84	0.10	14.56	0.10	14.37	0.10
58584.30	56.82	0.83	20.60	1.39	14.90	0.60	19.69	0.16	17.75	0.10	16.77	0.05	16.38	0.10	15.59	0.03	15.55	0.10	15.08	0.10	14.85	0.10	14.57	0.10	14.38	0.10
58586.25	58.90	0.85	20.62	1.41	14.04	0.62	19.71	0.16	17.78	0.10	16.84	0.04	16.41	0.10	15.62	0.04	15.58	0.10	15.11	0.10	14.87	0.10	14.59	0.10	14.41	0.10
58587.30	60.06	0.86	20.63	1.41	13.56	0.63	19.72	0.16	17.80	0.10	16.81	0.05	16.42	0.10	15.63	0.03	15.59	0.10	15.12	0.10	14.88	0.10	14.60	0.10	14.43	0.10
58589.25	62.26	0.88	20.64	1.43	12.58	0.65	19.74	0.16	17.83	0.10	16.84	0.04	16.45	0.10	15.66	0.03	15.61	0.10	15.14	0.10	14.90	0.10	14.63	0.10	14.46	0.10
58591.40	64.77	0.90	20.66	1.44	11.41	0.67	19.75	0.16	17.86	0.10	16.58	0.11	16.47	0.10	15.70	0.03	15.64	0.10	15.16	0.10	14.92	0.10	14.65	0.10	14.49	0.10
58592.25	65.79	0.91	20.67	1.45	10.91	0.67	19.76	0.16	17.87	0.10	16.91	0.04	16.48	0.10	15.67	0.03	15.65	0.10	15.17	0.10	14.93	0.10	14.66	0.10	14.50	0.10
58593.30	67.06	0.92	20.68	1.45	10.28	0.68	19.77	0.16	17.89	0.10	16.61	0.11	16.50	0.10	15.66	0.02	15.66	0.10	15.18	0.10	14.94	0.10	14.67	0.10	14.52	0.10
58594.25	68.24	0.93	20.69	1.46	9.68	0.69	19.78	0.16	17.90	0.10	16.86	0.05	16.51	0.10	15.69	0.03	15.67	0.10	15.19	0.10	14.95	0.10	14.68	0.10	14.53	0.10
58597.30	72.14	0.96	20.71	1.48	7.61	0.72	19.80	0.16	17.94	0.10	16.92	0.04	16.54	0.10	15.71	0.03	15.70	0.10	15.22	0.10	14.98	0.10	14.71	0.10	14.58	0.10
58599.20	74.66	0.97	20.73	1.49	6.20	0.74	19.81	0.16	17.97	0.10	16.97	0.04	16.56	0.10	15.75	0.03	15.72	0.10	15.23	0.10	15.00	0.10	14.73	0.10	14.61	0.10
58602.25	78.87	1.00	20.76	1.51	3.71	0.76	19.82	0.16	18.00	0.10	17.12	0.06	16.60	0.10	15.79	0.03	15.75	0.10	15.26	0.10	15.02	0.10	14.76	0.10	14.65	0.10
58606.20	84.63	1.04	20.79	1.54	0.08	0.80	19.84	0.16	18.05	0.10	16.83	0.11	16.64	0.10	15.80	0.03	15.78	0.10	15.29	0.10	15.05	0.10	14.80	0.10	14.71	0.10
58608.30	87.83	1.06	20.81	1.56	-2.05	0.82	19.84	0.16	18.07	0.10	16.86	0.11	16.66	0.10	15.78	0.03	15.79	0.10	15.31	0.10	15.07	0.10	14.82	0.10	14.74	0.10
58612.25	94.11	1.10	20.84	1.58	-6.47	0.86	19.85	0.16	18.11	0.10	17.12	0.05	16.69	0.10	15.85	0.03	15.82	0.10	15.33	0.10	15.10	0.10	14.86	0.10	14.80	0.10
58616.25	100.85	1.14	20.88	1.61	-11.52	0.90	19.85	0.16	18.14	0.10	17.12	0.04	16.72	0.10	15.88	0.03	15.85	0.10	15.36	0.10	15.13	0.10	14.90	0.10	14.87	0.07
58618.20	104.27	1.16	20.89	1.63	-14.21	0.91	19.85	0.16	18.15	0.10	17.02	0.11	16.74	0.10	15.88	0.03	15.86	0.10	15.37	0.10	15.14	0.10	14.92	0.10	14.90	0.08
58619.25	106.15	1.17	20.90	1.63	-15.71	0.92	19.85	0.16	18.16	0.10	17.24	0.06	16.75	0.10	15.90	0.03	15.86	0.10	15.38	0.10	15.15	0.10	14.93	0.10	14.92	0.09
58628.25	123.38	1.20	20.98	1.70	-30.57	1.01	19.83	0.16	18.20	0.10	17.27	0.05	16.81	0.10	15.98	0.03	15.90	0.10	15.43	0.10	15.22	0.10	15.03	0.10	15.09	0.17
58633.27	133.89	1.20	21.02	1.73	-40.49	1.06	19.80	0.16	18.21	0.10	17.37	0.05	16.84	0.10	16.03	0.04	15.92	0.10	15.45	0.10	15.26	0.10	15.10	0.10	15.19	0.21
58637.20	142.59	1.20	21.05	1.76	-49.15	1.10	19.78	0.16	18.22	0.10	17.37	0.05	16.86	0.10	16.07	0.03	15.93	0.10	15.47	0.10	15.30	0.10	15.16	0.10	15.28	0.25
58639.25	147.29	1.20	21.07	1.78	-54.00	1.12	19.77	0.16	18.22	0.10	17.38	0.04	16.88	0.10	16.10	0.04	15.94	0.10	15.48	0.10	15.33	0.10	15.19	0.10	15.33	0.27
58640.20	149.50	1.20	21.08	1.79	-56.32	1.13	19.76	0.16	18.22	0.10	17.42	0.04	16.88	0.10	16.11	0.04	15.94	0.10	15.49	0.10	15.34	0.10	15.21	0.10	15.36	0.28
58642.25	154.37	1.20	21.09	1.80	-61.51	1.15	19.75	0.16	18.22	0.10	17.40	0.05	16.89	0.10	16.11	0.03	15.94	0.10	15.50	0.10	15.36	0.10	15.24	0.10	15.41	0.30
58643.20	156.67	1.20	21.10	1.81	-64.01	1.15	19.74	0.16	18.21	0.10	17.42	0.04	16.90	0.10	16.12	0.03	15.95	0.10	15.51	0.10	15.38	0.10	15.26	0.10	15.44	0.31
58646.20	164.09	1.20	21.12	1.83	-72.22	1.18	19.72	0.16	18.21	0.10	17.48	0.06	16.92	0.10	16.18	0.04	15.95	0.10	15.52	0.10	15.42	0.10	15.32	0.10	15.52	0.34
58648.20	169.17	1.20	21.14	1.85	-78.00	1.20	19.70	0.16	18.20	0.10	17.49	0.07	16.93	0.10	16.16	0.04	15.96	0.10	15.53	0.10	15.45	0.10	15.36	0.10	15.59	0.36
58649.20	171.76	1.20	21.15	1.85	-80.98	1.20	19.69	0.16	18.20	0.10	17.51	0.06	16.93	0.10	16.18	0.04	15.96	0.10	15.54	0.10	15.46	0.10	15.38	0.10	15.62	0.37
58651.25	177.16	1.20	21.16	1.87	-87.31	1.20	19.68	0.16	18.19	0.10	17.51	0.07	16.95	0.10	16.22	0.05	15.96	0.10	15.55	0.10	15.50	0.10	15.43	0.10	15.68	0.39
58652.30	179.97	1.20	21.17	1.88	-90.65	1.20	19.67	0.16	18.19	0.10	17.56	0.11	16.95	0.10	16.21	0.04	15.97	0.10	15.56	0.10	15.52	0.10	15.46	0.10	15.72	0.40
58654.25	185.27	1.20	21.19	1.89	-97.06	1.20	19.65	0.16	18.18	0.10	17.53	0.06	16.97	0.10	16.22	0.04	15.97	0.10	15.57	0.10	15.55	0.10	15.51	0.10	15.79	0.42
58655.20	187.90	1.20	21.19	1.90	-100.28	1.20	19.64	0.16	18.17	0.10	17.55	0.06	16.97	0.10	16.23	0.03	15.97	0.10	15.58	0.10	15.57	0.10	15.53	0.10	15.82	0.43
58661.20	205.12	1.20	21.24	1.94	-122.07	1.20	19.58	0.16	18.14	0.10	17.60	0.05	17.01	0.10	16.27	0.03	15.98	0.10	15.62	0.10	15.71	0.10	15.71	0.10	16.07	0.49
58665.25	217.37	1.20	21.27	1.97	-138.29	1.20	19.54	0.16	18.11	0.10	17.60	0.05	17.04	0.10	16.36	0.04	15.99	0.10	15.66	0.10	15.81	0.10	15.86	0.10	16.25	0.53
58667.20	223.45	1.20	21.29	1.99	-146.56	1.20	19.51	0.16	18.09	0.10	17.69	0.05	17.06	0.10	16.34	0.04	16.00	0.10	15.68	0.10	15.87	0.10	15.93	0.10	16.35	0.55
58668.20	226.62	1.20	21.30	2.00	-150.92	1.20	19.50	0.16	18.09	0.05	17.67	0.05	17.07	0.05	16.39	0.04	16.00	0.03	15.69	0.04	15.90	0.03	15.97	0.05	16.40	0.56
58670.25	233.21	1.20	21.31	2.01	-160.11	1.20	19.48	0.16	18.07	0.05	17.68	0.05	17.09	0.05	16.40	0.04	16.01	0.04	15.71	0.04	15.97	0.04	16.06	0.06	16.50	0.58
58671.20	236.31	1.20	21.32	2.02	-164.48	1.20	19.47	0.16	18.06	0.06	17.84	0.11	17.10	0.06	16.32	0.05	16.01	0.05	15.72	0.05	16.00	0.04	16.10	0.06	16.56	0.59
58673.20	242.94	1.20	21.33	2.04	-173.95	1.20	19.45	0.17	18.04	0.07	17.73	0.06	17.12	0.07	16.41	0.04	16.02	0.06	15.74	0.07	16.07	0.06	16.19	0.07	16.67	0.61
58674.20	246.30	1.20	21.34	2.04	-178.81	1.20	19.44	0.17	18.03	0.08	17.73	0.07	17.13	0.08	16.42	0.04	16.02	0.07	15.75	0.07	16.11	0.07	16.24	0.08	16.73	0.62
58676.20	253.12	1.20	21.36	2.06	-188.80	1.20	19.41	0.18	18.01	0.10	17.75	0.06	17.15	0.10	16.44	0.04	16.03	0.09	15.78	0.09	16.19	0.09	16.34	0.10	16.85	0.64
58677.20	256.58	1.20	21.36	2.07	-193.93	1.20	19.40	0.18	18.00	0.11	17.78	0.07	17.16	0.11	16.46	0.04	16.04	0.10	15.79	0.10	16.23	0.10	16.39	0.11	16.91	0.65
58679.20	263.60	1.20	21.38	2.08	-204.45	1.20	19.38	0.19	17.98	0.12	17.74	0.06	17.18	0.12	16.45	0.03	16.05	0.12	15.82	0.12	16.32	0.12	16.50	0.13	17.04	0.67
58680.20	267.17	1.20	21.39	2.09	-209.85	1.20	19.37	0.20	17.97	0.13	17.77	0.08	17.20	0.13	16.47	0.04	16.05	0.13	15.84	0.13	16.36	0.13	16.55	0.13	17.11	0.68
58682.20	274.39	1.20	21.40	2.11	-220.94	1.20	19.35	0.21	17.94	0.15	17.98	0.11	17.22	0.15	16.50	0.03	16.06	0.15	15.87	0.15	16.46	0.15	16.67	0.15	17.25	0.70
58683.25	278.24	1.20	21.41	2.11	-226.91	1.20	19.34	0.22	17.93	0.16	17.89	0.09	17.24	0.16	16.51	0.04	16.07	0.16	15.88	0.16	16.51	0.16	16.74	0.16	17.33	0.71
58684.25	281.94	1.20	21.42	2.12	-232.70	1.20	19.32	0.23	17.92	0.17	17.94	0.10	17.25	0.17	16.55	0.04	16.08	0.17	15.90	0.17	16.56	0.17	16.80	0.17	17.40	0.72
58689.20	300.77	1.20	21.45	2.16	-262.81	1.20	19.27	0.27	17.86	0.22	18.07	0.11	17.33	0.22	16.48	0.04	16.12	0.22	15.99	0.22	16.84	0.22	17.14	0.22	17.80	0.77
58690.20	304.68	1.20	21.46	2.17	-269.19	1.20	19.26	0.27	17.84	0.23	17.89	0.07	17.35	0.23	16.58	0.04	16.12	0.23	16.01	0.23	16.90	0.23	17.21	0.23	17.88	0.78
58692.20	312.61	1.20	21.48	2.18	-282.27	1.20	19.24	0.29	17.82	0.25	17.91	0.06	17.38	0.25	16.61	0.05	16.14	0.25	16.06	0.25	17.02	0.25	17.36	0.25	18.06	0.80
58694.20	320.68	1.20	21.49	2.20	-295.78	1.20	19.22	0.31	17.79	0.27	17.92	0.06	17.42	0.27	16.61	0.05	16.16	0.27	16.10	0.27	17.16	0.27	17.52	0.27	18.24	0.82
58701.20	350.07	1.20	21.54	2.26	-346.53	1.20	19.16	0.37	17.70	0.34	18.22	0.11	17.57	0.34	16.68	0.05	16.25	0.34	16.29	0.34	17.68	0.34	18.15	0.34	18.96	0.89
58705.20	367.68	1.20	21.57	2.29	-378.08	1.20	19.13	0.41	17.64	0.38	18.02	0.09	17.68	0.38	16.73	0.06	16.31	0.38	16.41	0.38	18.03	0.38	18.56	0.38	19.41	0.93
58706.20	372.18	1.20	21.58	2.30	-386.26	1.20	19.12	0.42	17.63	0.39	18.05	0.07	17.70	0.39	16.75	0.05	16.33	0.39	16.44	0.39	18.12	0.39	18.67	0.39	19.53	0.94
58707.20	376.71	1.20	21.58	2.30	-394.57	1.20	19.11	0.42	17.61	0.40	18.11	0.11	17.73	0.40	16.75	0.05	16.35	0.40	16.48	0.40	18.22	0.40	18.78	0.40	19.66	0.95
58709.20	385.90	1.20	21.60	2.32	-411.56	1.20	19.10	0.44	17.58	0.42	18.31	0.11	17.79	0.42	16.79	0.05	16.39	0.42	16.55	0.42	18.41	0.42	19.01	0.42	19.91	0.97
58726.10	469.83	1.20	21.71	2.46	-576.16	1.20	19.06	0.60	17.34	0.59	18.49	0.11	18.44	0.59	16.97	0.07	16.82	0.58	17.32	0.59	20.48	0.58	21.40	0.59	22.50	1.14
58776.50	793.24	1.20	22.03	2.87	-1341.96	1.20	20.13	1.10	17.04	1.09	18.90	0.11	22.74	1.09	17.58	0.06	20.16	1.09	22.35	1.09	32.77	1.09	35.16	1.09	36.72	1.20
58785.50	863.61	1.20	22.09	2.95	-1531.67	1.20	20.63	1.19	17.13	1.18	18.96	0.11	24.04	1.18	17.73	0.06	21.23	1.18	23.85	1.18	36.27	1.18	39.01	1.18	40.62	1.20
58792.50	921.18	1.20	22.13	3.01	-1692.21	1.20	21.09	1.20	17.24	1.20	18.87	0.12	25.19	1.20	17.85	0.07	22.18	1.20	25.18	1.20	39.33	1.20	42.38	1.20	44.01	1.20
58799.50	981.30	1.20	22.16	3.07	-1864.74	1.20	21.64	1.20	17.40	1.20	19.05	0.11	26.48	1.20	17.91	0.08	23.26	1.20	26.66	1.20	42.72	1.20	46.08	1.20	47.73	1.20
58804.50	1025.83	1.20	22.19	3.11	-1995.63	1.20	22.09	1.20	17.54	1.20	19.05	0.13	27.49	1.20	18.02	0.07	24.11	1.20	27.82	1.20	45.36	1.20	48.96	1.20	50.60	1.20
58812.60	1100.84	1.20	22.24	3.18	-2221.81	1.20	22.91	1.20	17.83	1.20	19.14	0.11	29.29	1.20	18.12	0.07	25.64	1.20	29.88	1.20	50.01	1.20	54.02	1.20	55.66	1.20
58827.40	1247.31	1.20	22.31	3.31	-2683.02	1.20	24.79	1.20	18.58	1.20	19.23	0.11	33.18	1.20	18.26	0.14	28.96	1.20	34.32	1.20	59.89	1.20	64.73	1.20	66.30	1.20
58828.40	1257.65	1.20	22.32	3.32	-2716.54	1.20	24.93	1.20	18.64	1.20	19.24	0.11	33.47	1.20	18.35	0.08	29.22	1.20	34.65	1.20	60.63	1.20	65.53	1.20	67.08	1.20
58830.50	1279.56	1.20	22.33	3.34	-2787.91	1.20	25.24	1.20	18.77	1.20	19.25	0.11	34.10	1.20	18.37	0.07	29.76	1.20	35.36	1.20	62.20	1.20	67.23	1.20	68.77	1.20
58831.40	1289.03	1.20	22.33	3.34	-2818.92	1.20	25.38	1.20	18.83	1.20	19.26	0.11	34.38	1.20	18.44	0.25	29.99	1.20	35.67	1.20	62.89	1.20	67.97	1.20	69.50	1.20
58833.40	1310.25	1.20	22.34	3.36	-2888.74	1.20	25.69	1.20	18.97	1.20	19.27	0.11	35.00	1.20	18.45	0.14	30.53	1.20	36.38	1.20	64.44	1.20	69.65	1.20	71.16	1.20
58833.50	1311.31	1.20	22.34	3.36	-2892.27	1.20	25.71	1.20	18.98	1.20	19.27	0.11	35.03	1.20	18.38	0.14	30.56	1.20	36.42	1.20	64.52	1.20	69.74	1.20	71.24	1.20
58835.50	1332.77	1.20	22.35	3.38	-2963.42	1.20	26.03	1.20	19.12	1.20	19.29	0.11	35.66	1.20	18.39	0.13	31.11	1.20	37.14	1.20	66.11	1.20	71.46	1.20	72.94	1.20
58836.50	1343.59	1.20	22.36	3.39	-2999.47	1.20	26.20	1.20	19.19	1.20	19.29	0.11	35.99	1.20	18.44	0.08	31.39	1.20	37.51	1.20	66.92	1.20	72.33	1.20	73.81	1.20
58838.50	1365.40	1.20	22.37	3.40	-3072.55	1.20	26.54	1.20	19.35	1.20	19.31	0.11	36.65	1.20	18.50	0.14	31.96	1.20	38.26	1.20	68.58	1.20	74.11	1.20	75.57	1.20
58846.50	1455.04	1.20	22.41	3.47	-3378.10	1.20	28.01	1.20	20.03	1.20	19.37	0.11	39.48	1.20	18.60	0.07	34.42	1.20	41.47	1.20	75.57	1.20	81.65	1.20	83.00	1.20
58846.60	1456.18	1.20	22.41	3.48	-3382.05	1.20	28.03	1.20	20.04	1.20	19.41	0.12	39.51	1.20	18.67	0.09	34.46	1.20	41.51	1.20	75.67	1.20	81.75	1.20	83.09	1.20
58849.40	1488.48	1.20	22.42	3.50	-3494.21	1.20	28.58	1.20	20.31	1.20	19.39	0.11	40.57	1.20	18.65	0.08	35.38	1.20	42.71	1.20	78.27	1.20	84.56	1.20	85.85	1.20
58852.60	1525.99	1.20	22.43	3.53	-3625.73	1.20	29.25	1.20	20.63	1.20	19.41	0.11	41.83	1.20	18.68	0.07	36.48	1.20	44.13	1.20	81.36	1.20	87.87	1.20	89.11	1.20
58855.60	1561.72	1.20	22.45	3.55	-3752.32	1.20	29.90	1.20	20.96	1.20	19.44	0.11	43.05	1.20	18.75	0.09	37.55	1.20	45.51	1.20	84.35	1.20	91.08	1.20	92.27	1.20
58859.30	1606.56	1.20	22.46	3.59	-3912.91	1.20	30.75	1.20	21.38	1.20	19.47	0.11	44.62	1.20	18.86	0.20	38.92	1.20	47.29	1.20	88.17	1.20	95.19	1.20	96.30	1.20
58859.40	1607.78	1.20	22.47	3.59	-3917.32	1.20	30.77	1.20	21.39	1.20	19.47	0.11	44.66	1.20	18.91	0.15	38.96	1.20	47.34	1.20	88.28	1.20	95.30	1.20	96.41	1.20
58859.50	1609.01	1.20	22.47	3.59	-3921.73	1.20	30.80	1.20	21.40	1.20	19.42	0.27	44.70	1.20	18.86	0.12	39.00	1.20	47.38	1.20	88.38	1.20	95.42	1.20	96.52	1.20
58860.30	1618.82	1.20	22.47	3.60	-3957.17	1.20	30.98	1.20	21.50	1.20	19.48	0.11	45.05	1.20	18.76	0.14	39.30	1.20	47.78	1.20	89.23	1.20	96.33	1.20	97.42	1.20
58861.60	1634.86	1.20	22.48	3.61	-4015.27	1.20	31.30	1.20	21.66	1.20	19.49	0.11	45.62	1.20	18.70	0.11	39.81	1.20	48.43	1.20	90.63	1.20	97.83	1.20	98.89	1.20
58862.40	1644.79	1.20	22.48	3.61	-4051.33	1.20	31.49	1.20	21.76	1.20	19.60	0.27	45.98	1.20	18.90	0.11	40.12	1.20	48.83	1.20	91.50	1.20	98.76	1.20	99.80	1.20
58864.30	1668.52	1.20	22.49	3.63	-4137.94	1.20	31.96	1.20	22.00	1.20	19.51	0.11	46.84	1.20	18.91	0.09	40.88	1.20	49.80	1.20	93.59	1.20	101.00	1.20	102.00	1.20
58866.50	1696.28	1.20	22.50	3.65	-4239.93	1.20	32.52	1.20	22.29	1.20	19.54	0.11	47.86	1.20	18.95	0.10	41.78	1.20	50.96	1.20	96.07	1.20	103.66	1.20	104.60	1.20
58867.50	1709.00	1.20	22.50	3.66	-4286.90	1.20	32.78	1.20	22.42	1.20	19.54	0.11	48.34	1.20	18.92	0.09	42.20	1.20	51.49	1.20	97.21	1.20	104.88	1.20	105.80	1.20
58871.50	1760.53	1.20	22.52	3.69	-4478.64	1.20	33.86	1.20	22.98	1.20	19.63	0.17	50.28	1.20	19.00	0.11	43.92	1.20	53.69	1.20	101.92	1.20	109.92	1.20	110.73	1.20
58873.30	1784.06	1.20	22.53	3.71	-4566.96	1.20	34.36	1.20	23.25	1.20	19.60	0.11	51.19	1.20	18.98	0.09	44.72	1.20	54.71	1.20	104.10	1.20	112.25	1.20	113.02	1.20
58873.50	1786.68	1.20	22.53	3.71	-4576.85	1.20	34.42	1.20	23.28	1.20	19.60	0.11	51.29	1.20	19.03	0.10	44.81	1.20	54.83	1.20	104.34	1.20	112.52	1.20	113.27	1.20
58874.30	1797.22	1.20	22.53	3.72	-4616.58	1.20	34.65	1.20	23.40	1.20	19.61	0.11	51.70	1.20	19.18	0.12	45.17	1.20	55.29	1.20	105.33	1.20	113.57	1.20	114.30	1.20
58875.30	1810.44	1.20	22.54	3.73	-4666.60	1.20	34.94	1.20	23.56	1.20	19.62	0.11	52.21	1.20	19.14	0.11	45.63	1.20	55.87	1.20	106.57	1.20	114.90	1.20	115.60	1.20
58875.50	1813.10	1.20	22.54	3.73	-4676.65	1.20	34.99	1.20	23.59	1.20	19.63	0.11	52.32	1.20	19.15	0.11	45.72	1.20	55.99	1.20	106.82	1.20	115.17	1.20	115.86	1.20
58876.30	1823.73	1.20	22.54	3.74	-4717.02	1.20	35.23	1.20	23.71	1.20	19.63	0.11	52.74	1.20	19.08	0.09	46.09	1.20	56.46	1.20	107.82	1.20	116.24	1.20	116.91	1.20
58877.30	1837.09	1.20	22.54	3.75	-4767.85	1.20	35.52	1.20	23.87	1.20	19.64	0.11	53.26	1.20	19.18	0.14	46.56	1.20	57.05	1.20	109.09	1.20	117.60	1.20	118.24	1.20
58877.50	1839.77	1.20	22.54	3.75	-4778.06	1.20	35.58	1.20	23.90	1.20	19.79	0.16	53.37	1.20	19.10	0.10	46.65	1.20	57.17	1.20	109.34	1.20	117.87	1.20	118.50	1.20
58878.30	1850.51	1.20	22.55	3.75	-4819.08	1.20	35.82	1.20	24.03	1.20	19.66	0.11	53.80	1.20	19.11	0.13	47.03	1.20	57.65	1.20	110.37	1.20	118.96	1.20	119.57	1.20
58878.40	1851.86	1.20	22.55	3.76	-4824.22	1.20	35.85	1.20	24.05	1.20	19.60	0.14	53.85	1.20	19.09	0.15	47.08	1.20	57.71	1.20	110.50	1.20	119.10	1.20	119.71	1.20
58879.25	1863.32	1.20	22.55	3.76	-4868.12	1.20	36.11	1.20	24.19	1.20	19.46	0.27	54.31	1.20	19.26	0.17	47.48	1.20	58.23	1.20	111.60	1.20	120.28	1.20	120.86	1.20
58879.40	1865.35	1.20	22.55	3.76	-4875.90	1.20	36.16	1.20	24.21	1.20	19.67	0.11	54.39	1.20	19.11	0.17	47.56	1.20	58.32	1.20	111.79	1.20	120.49	1.20	121.06	1.20
58880.50	1880.27	1.20	22.56	3.77	-4933.22	1.20	36.49	1.20	24.39	1.20	19.75	0.16	54.99	1.20	19.14	0.10	48.09	1.20	59.00	1.20	113.23	1.20	122.02	1.20	122.56	1.20
58881.30	1891.17	1.20	22.56	3.78	-4975.22	1.20	36.74	1.20	24.53	1.20	19.69	0.11	55.43	1.20	19.16	0.10	48.48	1.20	59.50	1.20	114.29	1.20	123.15	1.20	123.66	1.20
58881.40	1892.54	1.20	22.56	3.78	-4980.48	1.20	36.77	1.20	24.55	1.20	19.69	0.11	55.49	1.20	19.09	0.10	48.53	1.20	59.56	1.20	114.42	1.20	123.29	1.20	123.80	1.20
58881.50	1893.90	1.20	22.56	3.78	-4985.76	1.20	36.81	1.20	24.56	1.20	19.75	0.16	55.54	1.20	19.07	0.10	48.58	1.20	59.62	1.20	114.55	1.20	123.44	1.20	123.94	1.20
58883.50	1921.37	1.20	22.57	3.80	-5092.08	1.20	37.44	1.20	24.91	1.20	19.74	0.20	56.66	1.20	19.21	0.16	49.58	1.20	60.89	1.20	117.24	1.20	126.30	1.20	126.74	1.20
58884.50	1935.20	1.20	22.57	3.81	-5145.86	1.20	37.76	1.20	25.09	1.20	19.77	0.20	57.23	1.20	19.12	0.17	50.08	1.20	61.53	1.20	118.60	1.20	127.76	1.20	128.16	1.20
58885.20	1944.92	1.20	22.58	3.82	-5183.76	1.20	37.99	1.20	25.21	1.20	19.73	0.11	57.64	1.20	19.22	0.24	50.44	1.20	61.98	1.20	119.56	1.20	128.79	1.20	129.16	1.20
58885.50	1949.10	1.20	22.58	3.82	-5200.07	1.20	38.09	1.20	25.27	1.20	19.92	0.26	57.81	1.20	19.20	0.11	50.59	1.20	62.18	1.20	119.98	1.20	129.23	1.20	129.59	1.20
58886.30	1960.27	1.20	22.58	3.83	-5243.74	1.20	38.36	1.20	25.41	1.20	19.75	0.11	58.28	1.20	19.19	0.17	51.01	1.20	62.70	1.20	121.09	1.20	130.41	1.20	130.75	1.20
58886.50	1963.06	1.20	22.58	3.83	-5254.70	1.20	38.42	1.20	25.45	1.20	19.72	0.23	58.39	1.20	19.24	0.15	51.11	1.20	62.83	1.20	121.36	1.20	130.71	1.20	131.04	1.20
58887.50	1977.10	1.20	22.59	3.84	-5309.75	1.20	38.76	1.20	25.63	1.20	19.76	0.11	58.98	1.20	19.19	0.16	51.64	1.20	63.50	1.20	122.77	1.20	132.21	1.20	132.50	1.20
58888.40	1989.78	1.20	22.59	3.84	-5359.66	1.20	39.06	1.20	25.80	1.20	19.77	0.11	59.52	1.20	19.24	0.24	52.11	1.20	64.10	1.20	124.04	1.20	133.57	1.20	133.83	1.20
58888.50	1991.20	1.20	22.59	3.84	-5365.23	1.20	39.10	1.20	25.82	1.20	19.77	0.11	59.58	1.20	19.48	0.25	52.17	1.20	64.16	1.20	124.18	1.20	133.72	1.20	133.98	1.20
58890.40	2018.17	1.20	22.60	3.86	-5471.83	1.20	39.75	1.20	26.18	1.20	19.80	0.11	60.72	1.20	19.19	0.22	53.19	1.20	65.46	1.20	126.91	1.20	136.63	1.20	136.82	1.20
58891.30	2031.04	1.20	22.60	3.87	-5522.86	1.20	40.07	1.20	26.36	1.20	19.81	0.11	61.27	1.20	19.23	0.13	53.68	1.20	66.08	1.20	128.23	1.20	138.03	1.20	138.18	1.20
58891.50	2033.90	1.20	22.60	3.87	-5534.25	1.20	40.14	1.20	26.40	1.20	19.81	0.11	61.40	1.20	19.22	0.15	53.79	1.20	66.21	1.20	128.52	1.20	138.35	1.20	138.48	1.20
58892.30	2045.39	1.20	22.61	3.88	-5579.99	1.20	40.43	1.20	26.56	1.20	19.82	0.11	61.89	1.20	19.30	0.14	54.23	1.20	66.77	1.20	129.70	1.20	139.60	1.20	139.71	1.20
58893.25	2059.09	1.20	22.61	3.89	-5634.66	1.20	40.77	1.20	26.75	1.20	19.94	0.19	62.49	1.20	19.34	0.13	54.76	1.20	67.44	1.20	131.11	1.20	141.11	1.20	141.17	1.20
58893.50	2062.71	1.20	22.61	3.89	-5649.11	1.20	40.86	1.20	26.80	1.20	19.84	0.11	62.64	1.20	19.41	0.13	54.90	1.20	67.62	1.20	131.48	1.20	141.50	1.20	141.56	1.20
58894.50	2077.22	1.20	22.61	3.90	-5707.20	1.20	41.22	1.20	27.01	1.20	19.85	0.11	63.28	1.20	19.30	0.11	55.47	1.20	68.33	1.20	132.98	1.20	143.10	1.20	143.12	1.20
58895.50	2091.79	1.20	22.62	3.91	-5765.73	1.20	41.59	1.20	27.21	1.20	19.87	0.11	63.92	1.20	19.37	0.12	56.04	1.20	69.05	1.20	134.50	1.20	144.72	1.20	144.69	1.20
58898.40	2134.45	1.20	22.63	3.93	-5937.98	1.20	42.69	1.20	27.83	1.20	19.99	0.14	65.81	1.20	19.44	0.10	57.73	1.20	71.18	1.20	138.98	1.20	149.49	1.20	149.34	1.20
58898.50	2135.93	1.20	22.63	3.93	-5943.99	1.20	42.72	1.20	27.85	1.20	19.91	0.11	65.87	1.20	19.39	0.13	57.79	1.20	71.25	1.20	139.13	1.20	149.66	1.20	149.50	1.20
58899.30	2147.80	1.20	22.63	3.94	-5992.21	1.20	43.03	1.20	28.03	1.20	19.92	0.11	66.41	1.20	19.43	0.11	58.26	1.20	71.85	1.20	140.39	1.20	151.00	1.20	150.81	1.20
58899.50	2150.78	1.20	22.63	3.94	-6004.31	1.20	43.11	1.20	28.07	1.20	19.92	0.11	66.54	1.20	19.44	0.14	58.38	1.20	72.00	1.20	140.71	1.20	151.34	1.20	151.13	1.20
58900.30	2162.71	1.20	22.64	3.95	-6052.89	1.20	43.42	1.20	28.25	1.20	19.96	0.16	67.08	1.20	19.39	0.12	58.86	1.20	72.60	1.20	141.98	1.20	152.69	1.20	152.45	1.20
58900.40	2164.20	1.20	22.64	3.95	-6058.98	1.20	43.46	1.20	28.27	1.20	19.95	0.15	67.15	1.20	19.35	0.18	58.92	1.20	72.68	1.20	142.14	1.20	152.86	1.20	152.62	1.20
58901.40	2179.18	1.20	22.64	3.96	-6120.16	1.20	43.86	1.20	28.50	1.20	19.95	0.11	67.82	1.20	19.44	0.13	59.53	1.20	73.44	1.20	143.74	1.20	154.57	1.20	154.28	1.20
58903.40	2209.36	1.20	22.65	3.98	-6243.91	1.20	44.66	1.20	28.96	1.20	20.12	0.19	69.20	1.20	19.45	0.11	60.76	1.20	74.99	1.20	146.99	1.20	158.03	1.20	157.65	1.20
58904.50	2226.07	1.20	22.65	3.99	-6312.75	1.20	45.11	1.20	29.22	1.20	20.00	0.11	69.97	1.20	19.44	0.13	61.45	1.20	75.86	1.20	148.81	1.20	159.96	1.20	159.52	1.20
58905.25	2237.51	1.20	22.66	3.99	-6360.01	1.20	45.42	1.20	29.39	1.20	20.08	0.27	70.50	1.20	19.47	0.19	61.93	1.20	76.45	1.20	150.06	1.20	161.29	1.20	160.82	1.20
58906.50	2256.67	1.20	22.66	4.01	-6439.36	1.20	45.94	1.20	29.70	1.20	20.03	0.11	71.39	1.20	19.48	0.15	62.73	1.20	77.45	1.20	152.15	1.20	163.53	1.20	162.99	1.20
58908.40	2286.01	1.20	22.67	4.02	-6561.38	1.20	46.75	1.20	30.16	1.20	20.06	0.11	72.77	1.20	19.56	0.12	63.96	1.20	79.00	1.20	155.39	1.20	166.97	1.20	166.33	1.20
58908.50	2287.56	1.20	22.67	4.02	-6567.85	1.20	46.79	1.20	30.19	1.20	20.06	0.11	72.84	1.20	19.65	0.14	64.03	1.20	79.08	1.20	155.56	1.20	167.15	1.20	166.51	1.20
58911.50	2334.42	1.20	22.68	4.05	-6764.15	1.20	48.10	1.20	30.95	1.20	20.11	0.11	75.07	1.20	19.55	0.17	66.03	1.20	81.58	1.20	160.80	1.20	172.72	1.20	171.92	1.20
58912.40	2348.60	1.20	22.68	4.06	-6823.88	1.20	48.50	1.20	31.18	1.20	20.13	0.11	75.75	1.20	19.55	0.12	66.64	1.20	82.35	1.20	162.39	1.20	174.42	1.20	173.57	1.20
58912.50	2350.18	1.20	22.68	4.06	-6830.54	1.20	48.55	1.20	31.21	1.20	20.06	0.19	75.83	1.20	19.63	0.14	66.71	1.20	82.43	1.20	162.57	1.20	174.61	1.20	173.75	1.20
58913.40	2364.43	1.20	22.69	4.07	-6890.70	1.20	48.95	1.20	31.45	1.20	20.15	0.11	76.51	1.20	19.66	0.25	67.33	1.20	83.20	1.20	164.18	1.20	176.32	1.20	175.42	1.20
58913.50	2366.01	1.20	22.69	4.07	-6897.41	1.20	49.00	1.20	31.47	1.20	20.15	0.11	76.59	1.20	19.59	0.17	67.40	1.20	83.29	1.20	164.36	1.20	176.51	1.20	175.60	1.20
58914.40	2380.32	1.20	22.69	4.08	-6958.01	1.20	49.41	1.20	31.72	1.20	20.16	0.11	77.29	1.20	19.64	0.21	68.02	1.20	84.07	1.20	165.99	1.20	178.24	1.20	177.28	1.20
58915.40	2396.29	1.20	22.69	4.08	-7025.81	1.20	49.87	1.20	31.99	1.20	20.18	0.11	78.06	1.20	19.78	0.23	68.72	1.20	84.94	1.20	167.81	1.20	180.18	1.20	179.16	1.20
58936.40	2748.44	1.20	22.76	4.27	-8566.32	1.20	60.74	1.20	38.50	1.20	20.62	0.11	96.21	1.20	20.01	0.18	85.10	1.20	105.28	1.20	210.04	1.20	225.00	1.20	222.59	1.20
58954.27	3074.13	1.20	22.82	4.44	-10063.93	1.20	71.94	1.20	45.41	1.20	20.72	0.26	114.59	1.20	20.31	0.26	101.76	1.20	125.84	1.20	252.38	1.20	269.83	1.20	265.93	1.20
58956.30	3112.69	1.20	22.83	4.45	-10245.60	1.20	73.34	1.20	46.29	1.20	21.16	0.11	116.86	1.20	20.33	0.24	103.83	1.20	128.38	1.20	257.59	1.20	275.34	1.20	271.25	1.20
58962.25	3227.56	1.20	22.84	4.51	-10792.16	1.20	77.58	1.20	48.96	1.20	20.77	0.27	123.75	1.20	20.34	0.21	110.10	1.20	136.07	1.20	273.35	1.20	292.01	1.20	287.34	1.20
#
## Reference bands: r
## S: fit order=4; extrap method early=n;late=p
## D: Gaussian Process used for interp and extrap
## A: fit order=4; extrap method early=n;late=p
## U: fit order=4; extrap method early=n;late=p
## B: fit order=4; extrap method early=n;late=p
## g: fit order=4; extrap method early=n;late=n
## V: fit order=4; extrap method early=n;late=p
## R: fit order=4; extrap method early=n;late=p
## I: fit order=4; extrap method early=n;late=p
## J: fit order=4; extrap method early=p;late=p
## H: fit order=4; extrap method early=p;late=p
## K: fit order=4; extrap method early=p;late=p
## p = polynomial, c = constant colour, a = average
